appid,pos_reviews,neg_reviews,total_reviews,review_score_desc
230820,840,122,962,Very Positive
798460,1544,264,1808,Very Positive
1873760,9,1,10,Positive
493520,18856,2352,21208,Very Positive
1533420,8281,115,8396,Overwhelmingly Positive
463930,211,6,217,Very Positive
2101430,313,22,335,Very Positive
710920,2513,402,2915,Very Positive
1637320,4959,433,5392,Very Positive
1162206,13,3,16,Positive
223470,31284,981,32265,Overwhelmingly Positive
1307690,121,32,153,Mostly Positive
449394,2,0,2,2 user reviews
635200,250,152,402,Mixed
508170,84,23,107,Mostly Positive
600130,571,70,641,Very Positive
1084640,472,18,490,Very Positive
2100430,38,9,47,Positive
219910,668,122,790,Very Positive
530620,154,27,181,Very Positive
1306630,813,115,928,Very Positive
649950,956,433,1389,Mixed
320140,1272,139,1411,Very Positive
214340,2109,593,2702,Mostly Positive
960910,2041,508,2549,Very Positive
671440,1317,443,1760,Mostly Positive
389730,25580,2603,28183,Very Positive
1684600,1,1,2,2 user reviews
1245620,277572,19312,296884,Very Positive
202750,1781,659,2440,Mostly Positive
222593,47,12,59,Mostly Positive
423230,5233,425,5658,Very Positive
2144481,33,11,44,Mostly Positive
1438210,29,34,63,Mixed
676760,11,22,33,Mostly Negative
401710,286,121,407,Mostly Positive
1303182,915,1086,2001,Mixed
203140,8728,1404,10132,Very Positive
341940,5769,1436,7205,Very Positive
2362300,299,124,423,Mostly Positive
508440,64205,1209,65414,Overwhelmingly Positive
475550,2087,477,2564,Very Positive
1569190,181,29,210,Very Positive
829590,1019,325,1344,Mostly Positive
1522090,373,356,729,Mixed
228380,14087,2155,16242,Very Positive
651440,43,79,122,Mostly Negative
21037,0,0,0,No user reviews
33642,0,0,0,No user reviews
1590910,1052,155,1207,Very Positive
1084160,3051,394,3445,Very Positive
243450,343,109,452,Mostly Positive
784080,5693,1053,6746,Very Positive
920566,0,0,0,No user reviews
21037,0,0,0,No user reviews
1278260,42,51,93,Mixed
1531473,8,1,9,9 user reviews
393380,57730,9299,67029,Very Positive
617830,4189,946,5135,Very Positive
132479,0,0,0,No user reviews
27477,0,0,0,No user reviews
1281590,2143,210,2353,Very Positive
2192770,0,0,0,No user reviews
1102130,2623,196,2819,Very Positive
1041920,644,35,679,Very Positive
2145870,11,5,16,Mixed
1658040,655,69,724,Very Positive
858210,6399,197,6596,Overwhelmingly Positive
291030,63,44,107,Mixed
1272160,1810,198,2008,Very Positive
264730,395,158,553,Mostly Positive
757310,2420,371,2791,Very Positive
1580050,139,19,158,Very Positive
741350,261,92,353,Mostly Positive
1205240,119,15,134,Very Positive
2115770,109,24,133,Very Positive
812550,99,39,138,Mostly Positive
1348660,453,502,955,Mixed
234140,18647,1877,20524,Very Positive
424840,14189,881,15070,Very Positive
1527950,7563,898,8461,Very Positive
1158100,417,544,961,Mixed
526160,1208,523,1731,Mixed
1236720,513,46,559,Very Positive
398710,1528,131,1659,Very Positive
1570070,225,76,301,Mostly Positive
2649240,0,0,0,No user reviews
2436841,8,0,8,8 user reviews
865610,774,436,1210,Mixed
2148901,45,24,69,Mixed
616191,50,12,62,Very Positive
39500,1153,515,1668,Mixed
1291340,9270,328,9598,Overwhelmingly Positive
559650,2732,208,2940,Very Positive
294100,87312,1636,88948,Overwhelmingly Positive
2062120,0,0,0,No user reviews
2023240,14,1,15,Positive
1021790,628,320,948,Mixed
588650,34400,1223,35623,Overwhelmingly Positive
328760,763,59,822,Very Positive
455700,31,14,45,Mixed
628670,1168,278,1446,Very Positive
6375,0,0,0,No user reviews
1110910,1889,679,2568,Mostly Positive
338120,29,31,60,Mixed
1880650,450,750,1200,Mostly Negative
830820,545,54,599,Very Positive
1621690,10358,532,10890,Overwhelmingly Positive
761620,675,132,807,Very Positive
1656780,1483,357,1840,Very Positive
1172470,805,128,933,Very Positive
1296880,4,3,7,7 user reviews
678960,14328,1923,16251,Very Positive
1321220,0,4,4,4 user reviews
970830,1583,303,1886,Very Positive
1581770,628,144,772,Very Positive
418240,7720,380,8100,Overwhelmingly Positive
1722280,44,19,63,Mixed
326340,67,31,98,Mixed
1112890,2155,218,2373,Very Positive
1144200,55484,5114,60598,Very Positive
21037,0,0,0,No user reviews
281990,55254,6691,61945,Very Positive
1020540,27,37,64,Mixed
943380,127,28,155,Very Positive
1130410,1251,48,1299,Overwhelmingly Positive
1172470,805,128,933,Very Positive
12458,0,0,0,No user reviews
2237250,9,4,13,Mixed
322210,746,84,830,Very Positive
1222140,22195,1519,23714,Very Positive
1143810,672,155,827,Very Positive
673880,6190,443,6633,Very Positive
1573740,5,6,11,Mixed
1245620,277572,19312,296884,Very Positive
261550,71926,9994,81920,Very Positive
268240,17,7,24,Mostly Positive
437630,380,119,499,Mostly Positive
1163550,627,269,896,Mixed
1430990,81,42,123,Mixed
490820,81,22,103,Mostly Positive
702670,4373,481,4854,Very Positive
6253,0,0,0,No user reviews
960990,3397,610,4007,Very Positive
1966480,5,6,11,Mixed
1726380,158,148,306,Mixed
1227530,1080,305,1385,Mostly Positive
860510,9947,611,10558,Very Positive
1196550,1,0,1,1 user reviews
501580,3,0,3,3 user reviews
615530,137,35,172,Mostly Positive
1204130,209,7,216,Very Positive
235460,30914,1375,32289,Overwhelmingly Positive
2597,0,0,0,No user reviews
1585440,161,68,229,Mostly Positive
1348661,1003,334,1337,Mostly Positive
388410,2979,1034,4013,Mostly Positive
1694801,19,20,39,Mixed
255710,82246,6046,88292,Very Positive
1958170,42,4,46,Positive
774511,150,93,243,Mixed
1392840,1592,294,1886,Very Positive
377560,21,8,29,Mostly Positive
1173690,2,0,2,2 user reviews
486810,54,8,62,Very Positive
1723950,110,81,191,Mixed
2192770,0,0,0,No user reviews
784150,4181,368,4549,Very Positive
1330480,23,4,27,Positive
252350,777,197,974,Mostly Positive
477160,25570,1241,26811,Overwhelmingly Positive
753640,29609,1491,31100,Overwhelmingly Positive
349040,14159,1529,15688,Very Positive
1303182,915,1086,2001,Mixed
1602080,430,84,514,Very Positive
312520,13003,736,13739,Very Positive
343440,408,59,467,Very Positive
1672210,28,18,46,Mixed
1233420,16,8,24,Mixed
1461160,0,0,0,No user reviews
1522820,3404,570,3974,Very Positive
361360,144,15,159,Very Positive
599140,11212,2080,13292,Very Positive
1184370,11101,2499,13600,Very Positive
1347780,888,49,937,Very Positive
597820,5570,2248,7818,Mostly Positive
286460,148,14,162,Very Positive
1202130,3963,506,4469,Very Positive
346110,185761,45197,230958,Very Positive
308040,162,54,216,Mostly Positive
393380,57730,9299,67029,Very Positive
406720,62,47,109,Mixed
461010,54,16,70,Mostly Positive
394360,84064,7323,91387,Very Positive
1278760,7,1,8,8 user reviews
1172470,805,128,933,Very Positive
2192770,0,0,0,No user reviews
321260,82,104,186,Mixed
618490,7,9,16,Mixed
1205240,119,15,134,Very Positive
1725340,40,5,45,Positive
335300,21194,4260,25454,Very Positive
633230,14327,2238,16565,Very Positive
572430,331,142,473,Mixed
1205240,119,15,134,Very Positive
1425820,47,16,63,Mostly Positive
1205240,119,15,134,Very Positive
1658001,6,19,25,Mostly Negative
473670,30,32,62,Mixed
780290,7415,1375,8790,Very Positive
384680,147,24,171,Very Positive
1105590,116,53,169,Mixed
1451460,161,5,166,Very Positive
359390,1717,153,1870,Very Positive
447890,143,54,197,Mostly Positive
988240,17,11,28,Mixed
282070,17424,1306,18730,Very Positive
241910,446,93,539,Very Positive
570940,28061,3124,31185,Very Positive
28814,0,0,0,No user reviews
20566,0,0,0,No user reviews
282070,17424,1306,18730,Very Positive
866800,4730,365,5095,Very Positive
94174,0,0,0,No user reviews
1059340,0,0,0,No user reviews
275850,103260,33142,136402,Mostly Positive
1425250,171,34,205,Very Positive
420610,261,180,441,Mixed
914120,0,0,0,No user reviews
547502,355,61,416,Very Positive
526540,26,17,43,Mixed
1787480,11,10,21,Mixed
2114760,345,420,765,Mixed
1222090,3,0,3,3 user reviews
2124590,9,5,14,Mixed
2507940,1,0,1,1 user reviews
1543420,30,3,33,Positive
314830,187,108,295,Mixed
351920,2145,145,2290,Very Positive
102600,3154,110,3264,Overwhelmingly Positive
1325890,130,41,171,Mostly Positive
2380030,345,189,534,Mixed
429570,1532,485,2017,Mostly Positive
580570,6,3,9,9 user reviews
258890,233,61,294,Mostly Positive
1713340,1,0,1,1 user reviews
1271310,5,3,8,8 user reviews
33520,344,47,391,Very Positive
622890,17,14,31,Mixed
1949190,1411,234,1645,Very Positive
253370,69,39,108,Mixed
941300,7,0,7,7 user reviews
2183900,0,0,0,No user reviews
1205240,119,15,134,Very Positive
1529220,12,2,14,Positive
899310,191,54,245,Mostly Positive
1205240,119,15,134,Very Positive
615970,8,4,12,Mixed
2277860,118,141,259,Mixed
1599600,7856,238,8094,Overwhelmingly Positive
2225941,3,5,8,8 user reviews
972660,12876,616,13492,Overwhelmingly Positive
1301950,81,18,99,Very Positive
521890,3312,915,4227,Mostly Positive
1172470,805,128,933,Very Positive
503940,2802,685,3487,Very Positive
1286830,246,40,286,Very Positive
597180,1357,275,1632,Very Positive
2261140,0,0,0,No user reviews
1802470,97,65,162,Mixed
1139110,76,8,84,Very Positive
392280,90,79,169,Mixed
503560,4379,614,4993,Very Positive
515191,396,122,518,Mostly Positive
397690,137,30,167,Very Positive
1338964,0,0,0,No user reviews
2192770,0,0,0,No user reviews
1129580,11645,1333,12978,Very Positive
1708680,117,45,162,Mostly Positive
359230,329,191,520,Mixed
315660,1226,328,1554,Mostly Positive
2064590,126,107,233,Mixed
636500,8,2,10,Positive
1804460,70,59,129,Mixed
352890,121,49,170,Mostly Positive
2192770,0,0,0,No user reviews
2020030,132,6,138,Very Positive
238870,28,208,236,Very Negative
1205240,119,15,134,Very Positive
269790,1217,356,1573,Mostly Positive
640920,145,23,168,Very Positive
1816780,32,78,110,Mostly Negative
1354910,180,11,191,Very Positive
2266770,45,14,59,Mostly Positive
1205240,119,15,134,Very Positive
783170,158,123,281,Mixed
1049940,10,10,20,Mixed
466560,16852,2534,19386,Very Positive
1317230,77,64,141,Mixed
1113120,4610,1083,5693,Very Positive
1334010,165,76,241,Mixed
1140100,39,20,59,Mixed
525040,229,23,252,Very Positive
1788370,51,66,117,Mixed
415350,102,24,126,Very Positive
1299480,37,20,57,Mixed
1634100,32,3,35,Positive
46570,45,59,104,Mixed
2184800,15,4,19,Mostly Positive
1335790,1604,125,1729,Very Positive
761600,866,42,908,Overwhelmingly Positive
518910,229,52,281,Very Positive
1244800,1063,118,1181,Very Positive
1919040,55,8,63,Very Positive
663120,3,0,3,3 user reviews
1874870,9,3,12,Mostly Positive
1210320,9433,709,10142,Very Positive
1669000,4792,1003,5795,Very Positive
505230,3360,253,3613,Very Positive
360960,1466,68,1534,Overwhelmingly Positive
1163770,100,33,133,Mostly Positive
496300,3169,500,3669,Very Positive
40970,4739,134,4873,Overwhelmingly Positive
715194,235,122,357,Mixed
529340,9273,4796,14069,Mixed
851850,13210,1125,14335,Very Positive
439910,70,19,89,Mostly Positive
421050,661,175,836,Mostly Positive
1283190,488,30,518,Very Positive
892970,209837,10013,219850,Overwhelmingly Positive
1040420,1081,91,1172,Very Positive
108710,10484,1267,11751,Very Positive
3260,158,121,279,Mixed
449394,2,0,2,2 user reviews
1266700,944,267,1211,Mostly Positive
245280,2053,395,2448,Very Positive
1011670,309,86,395,Mostly Positive
574310,134,33,167,Very Positive
369000,136,62,198,Mixed
1041720,2663,762,3425,Mostly Positive
626550,23,44,67,Mostly Negative
1096530,10024,1310,11334,Very Positive
2100431,90,35,125,Mostly Positive
23841,0,0,0,No user reviews
438490,1412,234,1646,Very Positive
1056690,71,10,81,Very Positive
446800,3277,786,4063,Very Positive
1846460,353,17,370,Very Positive
699130,3368,580,3948,Very Positive
563190,82,7,89,Very Positive
42910,6831,1145,7976,Very Positive
475150,6211,640,6851,Very Positive
512900,7027,243,7270,Overwhelmingly Positive
2474860,102,57,159,Mixed
2440700,6,1,7,7 user reviews
604330,426,17,443,Very Positive
12749,0,0,0,No user reviews
871530,507,193,700,Mostly Positive
914710,1268,49,1317,Overwhelmingly Positive
2130950,21,10,31,Mixed
824610,24,5,29,Positive
689800,9,20,29,Mostly Negative
751820,129,55,184,Mostly Positive
1785150,3684,603,4287,Very Positive
860620,38,58,96,Mostly Negative
554800,36,8,44,Positive
1045980,173,53,226,Mostly Positive
939850,2078,762,2840,Mostly Positive
1123050,1506,161,1667,Very Positive
1392840,1592,294,1886,Very Positive
1367590,1395,116,1511,Very Positive
36633,0,0,0,No user reviews
609920,370,134,504,Mostly Positive
366270,42,9,51,Very Positive
5879,0,0,0,No user reviews
452060,1226,185,1411,Very Positive
1354830,845,108,953,Very Positive
1284130,60,8,68,Very Positive
1071870,1068,101,1169,Very Positive
374320,83997,5771,89768,Very Positive
2008400,89,72,161,Mixed
1158310,32966,2740,35706,Very Positive
46500,1013,180,1193,Very Positive
19000,373,487,860,Mixed
19080,3,9,12,Mostly Negative
1229880,38,11,49,Mostly Positive
429660,5237,438,5675,Very Positive
1016800,3794,656,4450,Very Positive
496460,1271,774,2045,Mixed
275060,26,84,110,Mostly Negative
580020,61,140,201,Mostly Negative
814580,2,0,2,2 user reviews
493540,284,52,336,Very Positive
253650,515,277,792,Mixed
1383960,148,35,183,Very Positive
535480,1626,335,1961,Very Positive
24480,114,90,204,Mixed
1161590,593,121,714,Very Positive
8038,0,0,0,No user reviews
31100,107,12,119,Very Positive
2228030,25,16,41,Mixed
1191630,604,68,672,Very Positive
528610,186,86,272,Mixed
1158220,163,17,180,Very Positive
1888160,27579,1927,29506,Very Positive
1339000,443,64,507,Very Positive
1045840,78,35,113,Mixed
1194630,1613,721,2334,Mixed
2311920,578,154,732,Mostly Positive
678960,14328,1923,16251,Very Positive
346110,185761,45197,230958,Very Positive
366910,271,266,537,Mixed
348430,66,3,69,Very Positive
282070,17424,1306,18730,Very Positive
241760,67,33,100,Mixed
1956040,723,210,933,Mostly Positive
701160,5814,613,6427,Very Positive
1726381,28,9,37,Mostly Positive
1232570,279,13,292,Very Positive
39680,1182,312,1494,Mostly Positive
1058650,2669,1031,3700,Mostly Positive
707030,4151,1405,5556,Mostly Positive
386770,88,26,114,Mostly Positive
1057750,1365,779,2144,Mixed
331870,1642,230,1872,Very Positive
1749080,317,30,347,Very Positive
356570,2437,388,2825,Very Positive
1049590,17,1,18,Positive
1708680,117,45,162,Mostly Positive
674940,46034,2706,48740,Very Positive
239250,1121,315,1436,Mostly Positive
39510,1634,245,1879,Very Positive
247950,184,549,733,Mostly Negative
4307,0,0,0,No user reviews
269330,156,22,178,Very Positive
1416420,360,2473,2833,Overwhelmingly Negative
1405790,106,47,153,Mixed
900040,833,314,1147,Mostly Positive
606710,341,23,364,Very Positive
1787480,11,10,21,Mixed
2673080,16,6,22,Mostly Positive
530760,396,457,853,Mixed
215930,278,117,395,Mostly Positive
941965,0,0,0,No user reviews
1162130,341,208,549,Mixed
2224691,15,7,22,Mixed
941965,0,0,0,No user reviews
1087429,12,1,13,Positive
1146930,144,90,234,Mixed
1726383,11,11,22,Mixed
1205240,119,15,134,Very Positive
1593780,83,11,94,Very Positive
936500,236,105,341,Mixed
1731070,579,135,714,Very Positive
353640,1004,140,1144,Very Positive
738540,1248,221,1469,Very Positive
505170,871,235,1106,Mostly Positive
699740,51,44,95,Mixed
1066780,6574,834,7408,Very Positive
726950,23,30,53,Mixed
289800,55,68,123,Mixed
294100,87312,1636,88948,Overwhelmingly Positive
2996,0,0,0,No user reviews
1172470,805,128,933,Very Positive
441680,15,16,31,Mixed
238370,1975,699,2674,Mostly Positive
1888160,27579,1927,29506,Very Positive
1726190,578,40,618,Very Positive
314790,312,99,411,Mostly Positive
257830,137,115,252,Mixed
1399700,48,21,69,Mixed
16236,0,0,0,No user reviews
12320,786,224,1010,Mostly Positive
220740,527,100,627,Very Positive
3270,179,94,273,Mixed
2243210,16,1,17,Positive
215790,41,155,196,Mostly Negative
1702430,17,5,22,Mostly Positive
442010,416,171,587,Mostly Positive
1331210,285,34,319,Very Positive
589360,3253,666,3919,Very Positive
250320,14857,372,15229,Overwhelmingly Positive
1114040,2,0,2,2 user reviews
1725350,5,2,7,7 user reviews
2378500,2002,90,2092,Overwhelmingly Positive
1528442,0,1,1,1 user reviews
1803780,5,3,8,8 user reviews
1221250,1081,68,1149,Very Positive
571720,89,35,124,Mostly Positive
637,0,0,0,No user reviews
2268220,0,1,1,1 user reviews
1368130,150,120,270,Mixed
401710,286,121,407,Mostly Positive
1033080,71,11,82,Very Positive
762830,356,210,566,Mixed
366870,415,141,556,Mostly Positive
1079830,86,33,119,Mostly Positive
1303184,245,188,433,Mixed
595550,25,17,42,Mixed
1132030,29,15,44,Mixed
286830,7,37,44,Negative
1356280,343,89,432,Mostly Positive
1449310,16,16,32,Mixed
613100,36205,2239,38444,Very Positive
443810,1949,687,2636,Mostly Positive
904380,122,52,174,Mostly Positive
1545560,953,44,997,Overwhelmingly Positive
844810,208,83,291,Mostly Positive
330420,49,11,60,Very Positive
192166,0,0,0,No user reviews
1097200,2067,894,2961,Mixed
12430,18,53,71,Mostly Negative
1052970,17,3,20,Positive
881960,7,3,10,Mostly Positive
346791,43,64,107,Mixed
785740,739,423,1162,Mixed
807120,2170,371,2541,Very Positive
245620,3506,1095,4601,Mostly Positive
1063310,72,20,92,Mostly Positive
1021110,172,46,218,Mostly Positive
2192770,0,0,0,No user reviews
2524160,25,0,25,Positive
1146600,76,30,106,Mostly Positive
361280,3864,298,4162,Very Positive
335300,21195,4260,25455,Very Positive
969990,7902,354,8256,Overwhelmingly Positive
1692280,13,2,15,Positive
311290,1859,644,2503,Mostly Positive
65600,84,132,216,Mostly Negative
1581420,4,2,6,6 user reviews
393460,4,7,11,Mostly Negative
2145870,11,5,16,Mixed
606280,2878,860,3738,Mostly Positive
1472560,462,158,620,Mostly Positive
1479890,18,3,21,Positive
702350,632,222,854,Mostly Positive
1323470,239,51,290,Very Positive
1172540,14,10,24,Mixed
11342,0,0,0,No user reviews
1095120,77,8,85,Very Positive
344480,145,4,149,Very Positive
859350,23,11,34,Mixed
1726382,18,10,28,Mixed
991560,274,214,488,Mixed
1193090,72,28,100,Mostly Positive
2065560,3,0,3,3 user reviews
498870,215,80,295,Mostly Positive
32620,236,26,262,Very Positive
1992291,11,3,14,Mostly Positive
253920,221,66,287,Mostly Positive
234670,2901,363,3264,Very Positive
358870,0,0,0,No user reviews
39510,1634,245,1879,Very Positive
39540,585,131,716,Very Positive
343100,256,113,369,Mixed
368390,1513,82,1595,Very Positive
959000,117,13,130,Very Positive
376300,868,72,940,Very Positive
2192770,0,0,0,No user reviews
1119980,1729,80,1809,Overwhelmingly Positive
2187290,2105,188,2293,Very Positive
1143650,74,61,135,Mixed
234270,1276,100,1376,Very Positive
1126050,140,44,184,Mostly Positive
91100,336,42,378,Very Positive
1454730,23,6,29,Mostly Positive
1018010,627,148,775,Very Positive
928990,92,34,126,Mostly Positive
1337760,1332,340,1672,Mostly Positive
527230,9238,1117,10355,Very Positive
754500,432,126,558,Mostly Positive
2192770,0,0,0,No user reviews
1694800,13,7,20,Mixed
1016920,3688,198,3886,Very Positive
888650,83,23,106,Mostly Positive
1622100,2454,277,2731,Very Positive
1148022,47,33,80,Mixed
322330,67917,2779,70696,Overwhelmingly Positive
108726,50,5,55,Very Positive
23420,82,53,135,Mixed
1358610,11,7,18,Mixed
32650,55,23,78,Mostly Positive
1592540,37,1,38,Positive
2012010,200,29,229,Very Positive
21208,0,0,0,No user reviews
1118240,1386,221,1607,Very Positive
1147550,4212,196,4408,Overwhelmingly Positive
1557180,17,2,19,Positive
1361510,4743,192,4935,Overwhelmingly Positive
944071,86,31,117,Mostly Positive
2062120,0,0,0,No user reviews
1220370,23,5,28,Positive
1631380,8,11,19,Mixed
1259360,279,273,552,Mixed
34077,0,0,0,No user reviews
692930,47,19,66,Mostly Positive
1552550,823,64,887,Very Positive
2192770,0,0,0,No user reviews
1202061,20,19,39,Mixed
2192770,0,0,0,No user reviews
1859470,446,30,476,Very Positive
381716,0,0,0,No user reviews
1247570,13,16,29,Mixed
15986,0,0,0,No user reviews
1205450,4898,240,5138,Overwhelmingly Positive
315660,1226,328,1554,Mostly Positive
1421790,174,6,180,Very Positive
401680,2116,142,2258,Very Positive
338130,64,31,95,Mixed
1892570,16,1,17,Positive
383270,548,39,587,Very Positive
1227700,1142,220,1362,Very Positive
21763,0,0,0,No user reviews
234080,1974,733,2707,Mostly Positive
3838,7,2,9,9 user reviews
1205240,119,15,134,Very Positive
842020,8,1,9,9 user reviews
537800,4842,631,5473,Very Positive
671510,1487,713,2200,Mixed
1227650,1083,34,1117,Overwhelmingly Positive
322190,1408,58,1466,Overwhelmingly Positive
1889980,69,119,188,Mostly Negative
1601350,24,23,47,Mixed
1431780,91,2,93,Very Positive
34077,0,0,0,No user reviews
340320,89,15,104,Very Positive
755500,1288,338,1626,Mostly Positive
616191,50,12,62,Very Positive
499460,113,35,148,Mostly Positive
1195360,50,15,65,Mostly Positive
1636660,30,15,45,Mixed
1578650,3290,187,3477,Very Positive
249650,696,484,1180,Mixed
606680,193,17,210,Very Positive
1907720,119,29,148,Very Positive
1062040,99,25,124,Mostly Positive
966670,49,12,61,Very Positive
102623,23,5,28,Positive
1186640,1719,117,1836,Very Positive
464920,7663,1444,9107,Very Positive
15892,0,0,0,No user reviews
602320,870,91,961,Very Positive
311260,1471,891,2362,Mixed
322500,13021,1435,14456,Very Positive
40970,4739,134,4873,Overwhelmingly Positive
1951230,339,4,343,Very Positive
1205240,119,15,134,Very Positive
2098230,3,0,3,3 user reviews
716640,248,89,337,Mostly Positive
2223660,158,135,293,Mixed
1433560,122,49,171,Mostly Positive
271850,57,51,108,Mixed
987840,1988,258,2246,Very Positive
31710,0,0,0,No user reviews
1992290,16,3,19,Positive
1094410,1,0,1,1 user reviews
688420,3470,231,3701,Very Positive
1055240,3,4,7,7 user reviews
1205240,119,15,134,Very Positive
571720,89,35,124,Mostly Positive
1016930,77,45,122,Mixed
1337010,1955,39,1994,Overwhelmingly Positive
1889981,140,80,220,Mixed
492720,7164,1083,8247,Very Positive
1205240,119,15,134,Very Positive
495140,1222,382,1604,Mostly Positive
1051410,52,8,60,Very Positive
925570,157,100,257,Mixed
323850,2706,445,3151,Very Positive
2109315,0,0,0,No user reviews
1432100,224,22,246,Very Positive
1279630,425,126,551,Mostly Positive
259340,66,32,98,Mixed
2154010,17,20,37,Mixed
402060,108,48,156,Mixed
960170,2625,400,3025,Very Positive
775500,3912,540,4452,Very Positive
964570,209,46,255,Very Positive
25890,2026,578,2604,Mostly Positive
41008,0,0,0,No user reviews
261030,10877,518,11395,Overwhelmingly Positive
967390,148,82,230,Mixed
1172470,805,128,933,Very Positive
1793051,41,33,74,Mixed
702110,106,9,115,Very Positive
243200,750,92,842,Very Positive
1154780,23,12,35,Mixed
222480,2192,410,2602,Very Positive
1072040,1198,246,1444,Very Positive
405050,4,7,11,Mostly Negative
815460,479,412,891,Mixed
1037910,37,15,52,Mostly Positive
1933390,853,53,906,Very Positive
1546060,5,1,6,6 user reviews
1282590,2127,613,2740,Mostly Positive
983970,1738,157,1895,Very Positive
1205240,119,15,134,Very Positive
939100,439,244,683,Mixed
70503,0,0,0,No user reviews
1164250,264,75,339,Mostly Positive
244850,54679,6223,60902,Very Positive
286810,94,49,143,Mixed
406970,378,190,568,Mixed
1652890,125,6,131,Very Positive
802450,62,10,72,Very Positive
1172470,805,128,933,Very Positive
801630,1918,110,2028,Very Positive
31648,0,0,0,No user reviews
2062120,0,0,0,No user reviews
259170,111,182,293,Mostly Negative
966330,1180,297,1477,Mostly Positive
1033890,415,513,928,Mixed
25014,0,0,0,No user reviews
760730,48,25,73,Mixed
39650,170,87,257,Mixed
625050,66,85,151,Mixed
305500,22,17,39,Mixed
1936590,26,13,39,Mixed
1450900,506,63,569,Very Positive
1351260,12,9,21,Mixed
207020,118,26,144,Very Positive
756010,154,123,277,Mixed
730430,99,49,148,Mixed
427100,791,408,1199,Mixed
748020,9,2,11,Positive
934780,406,144,550,Mostly Positive
1205240,119,15,134,Very Positive
1154040,435,56,491,Very Positive
496810,425,77,502,Very Positive
1410640,766,109,875,Very Positive
1288320,2243,579,2822,Mostly Positive
533330,15,17,32,Mixed
1317250,82,37,119,Mixed
2378500,2001,90,2091,Overwhelmingly Positive
1053710,214,33,247,Very Positive
259340,66,32,98,Mixed
1143820,8,4,12,Mixed
1592110,291,96,387,Mostly Positive
916250,33,5,38,Positive
231020,20,14,34,Mixed
2055140,91,9,100,Very Positive
692100,248,61,309,Very Positive
939850,2078,762,2840,Mostly Positive
1493470,19,29,48,Mostly Negative
1587540,377,155,532,Mostly Positive
2192770,0,0,0,No user reviews
1205240,119,15,134,Very Positive
593280,2500,125,2625,Overwhelmingly Positive
929490,0,0,0,No user reviews
497700,54,11,65,Very Positive
1245430,1226,77,1303,Very Positive
1088640,79,44,123,Mixed
10464,0,0,0,No user reviews
2192770,0,0,0,No user reviews
1948120,32,7,39,Positive
692890,5719,244,5963,Overwhelmingly Positive
1913210,543,262,805,Mixed
893720,136,17,153,Very Positive
918950,23,6,29,Mostly Positive
706020,307,175,482,Mixed
287700,31029,2999,34028,Very Positive
254080,57,45,102,Mixed
1205240,119,15,134,Very Positive
1556870,286,75,361,Mostly Positive
1191900,470,43,513,Very Positive
1205240,119,15,134,Very Positive
1205240,119,15,134,Very Positive
2148903,17,5,22,Mostly Positive
1361510,4743,192,4935,Overwhelmingly Positive
2186250,14,5,19,Mostly Positive
315660,1226,328,1554,Mostly Positive
2192770,0,0,0,No user reviews
2261870,13,0,13,Positive
25830,906,83,989,Very Positive
301200,124,26,150,Very Positive
993790,285,26,311,Very Positive
543870,685,82,767,Very Positive
1205240,119,15,134,Very Positive
201790,5280,415,5695,Very Positive
522220,7,4,11,Mixed
598500,3,4,7,7 user reviews
312840,1173,396,1569,Mostly Positive
1952840,14,3,17,Positive
1262060,279,30,309,Very Positive
753230,60,24,84,Mostly Positive
1045290,3,1,4,4 user reviews
260730,570,93,663,Very Positive
690040,4050,710,4760,Very Positive
1620720,63,7,70,Very Positive
1748230,61,6,67,Very Positive
1071200,119,77,196,Mixed
1321680,517,165,682,Mostly Positive
616950,38,4,42,Positive
1089090,3265,201,3466,Very Positive
1812960,27,4,31,Positive
581300,58,65,123,Mixed
514460,19,27,46,Mixed
3130,166,45,211,Mostly Positive
2342310,16,6,22,Mostly Positive
721340,72,35,107,Mixed
2155770,147,39,186,Mostly Positive
225640,732,241,973,Mostly Positive
1001150,19,3,22,Positive
864160,201,78,279,Mostly Positive
523210,1031,137,1168,Very Positive
1218220,0,0,0,No user reviews
1683100,76,23,99,Mostly Positive
339840,17,14,31,Mixed
2192770,0,0,0,No user reviews
359350,242,28,270,Very Positive
338163,187,175,362,Mixed
2192770,0,0,0,No user reviews
12320,786,224,1010,Mostly Positive
1291010,1414,149,1563,Very Positive
736820,1124,342,1466,Mostly Positive
638230,8156,631,8787,Very Positive
1323470,239,51,290,Very Positive
2144482,4,1,5,5 user reviews
897670,414,53,467,Very Positive
1535780,22,9,31,Mostly Positive
39550,201,124,325,Mixed
448370,717,59,776,Very Positive
1094720,40,24,64,Mixed
1377570,0,0,0,No user reviews
1205240,119,15,134,Very Positive
1856190,20,13,33,Mixed
539470,1632,324,1956,Very Positive
369180,18,12,30,Mixed
1348690,72,12,84,Very Positive
1449230,46,16,62,Mostly Positive
410900,6016,460,6476,Very Positive
952892,24,5,29,Positive
1268420,30,4,34,Positive
1102190,10491,331,10822,Overwhelmingly Positive
625350,2,4,6,6 user reviews
375460,67,155,222,Mostly Negative
2391960,76,46,122,Mixed
1444300,262,8,270,Very Positive
916050,10,6,16,Mixed
2192770,0,0,0,No user reviews
1790540,0,0,0,No user reviews
30635,0,0,0,No user reviews
1161420,11,2,13,Positive
1122720,2935,112,3047,Overwhelmingly Positive
1159930,0,0,0,No user reviews
2374110,0,0,0,No user reviews
2195250,4989,4038,9027,Mixed
1181610,37,1,38,Positive
277890,600,89,689,Very Positive
331980,18,19,37,Mixed
2114701,0,0,0,No user reviews
2179800,68,50,118,Mixed
388750,761,46,807,Very Positive
1681430,2749,177,2926,Very Positive
364980,5,5,10,Mixed
764300,276,23,299,Very Positive
2195670,6,0,6,6 user reviews
1062830,413,42,455,Very Positive
1374840,1094,368,1462,Mostly Positive
1649880,125,17,142,Very Positive
614581,65,52,117,Mixed
300630,67,23,90,Mostly Positive
498240,5142,974,6116,Very Positive
1160540,23,0,23,Positive
323580,755,207,962,Mostly Positive
305620,29987,3353,33340,Very Positive
803330,5457,338,5795,Very Positive
312610,653,104,757,Very Positive
1083870,80,26,106,Mostly Positive
1507190,342,28,370,Very Positive
10583,0,0,0,No user reviews
898890,565,29,594,Overwhelmingly Positive
48800,446,456,902,Mixed
15543,0,0,0,No user reviews
1193870,10,2,12,Positive
416790,182,28,210,Very Positive
435530,1506,386,1892,Mostly Positive
798460,1544,264,1808,Very Positive
557600,3889,173,4062,Overwhelmingly Positive
1075740,883,222,1105,Mostly Positive
1294880,24,13,37,Mixed
804760,43,7,50,Very Positive
1730590,1117,117,1234,Very Positive
43100,94,25,119,Mostly Positive
896960,42,10,52,Very Positive
1205240,119,15,134,Very Positive
1497440,1209,63,1272,Overwhelmingly Positive
1937690,14,9,23,Mixed
979310,56,12,68,Very Positive
2192770,0,0,0,No user reviews
222880,33026,2703,35729,Very Positive
215370,4,1,5,5 user reviews
600080,102,36,138,Mostly Positive
689900,159,19,178,Very Positive
1531472,8,0,8,8 user reviews
410900,6016,460,6476,Very Positive
1545560,953,44,997,Overwhelmingly Positive
339850,25,12,37,Mixed
896440,122,56,178,Mixed
289380,17,3,20,Positive
735580,203,15,218,Very Positive
351910,113,98,211,Mixed
1520760,79,39,118,Mixed
894840,0,0,0,No user reviews
740130,8581,1011,9592,Very Positive
1920480,369,68,437,Very Positive
2183640,34,8,42,Positive
1037590,212,31,243,Very Positive
2170100,11,1,12,Positive
1205,0,0,0,No user reviews
1178220,885,61,946,Very Positive
2071280,2104,357,2461,Very Positive
1264250,950,274,1224,Mostly Positive
965230,497,80,577,Very Positive
651670,1084,231,1315,Very Positive
1456180,80,24,104,Mostly Positive
4520,86,32,118,Mostly Positive
1176710,741,175,916,Very Positive
207140,8538,497,9035,Very Positive
1215320,53,5,58,Very Positive
929010,428,484,912,Mixed
278550,35,19,54,Mixed
2377001,128,5,133,Very Positive
311340,5646,1158,6804,Very Positive
1900,184,130,314,Mixed
522652,2,0,2,2 user reviews
1338962,0,0,0,No user reviews
546180,6,5,11,Mixed
233450,28023,3255,31278,Very Positive
458490,7,9,16,Mixed
462780,2828,458,3286,Very Positive
1528441,2,1,3,3 user reviews
201802,12,3,15,Positive
1623070,386,137,523,Mostly Positive
1827250,4,4,8,8 user reviews
394310,2196,830,3026,Mostly Positive
630720,175,55,230,Mostly Positive
305620,29989,3352,33341,Very Positive
508300,34,32,66,Mixed
1372530,974,132,1106,Very Positive
2098231,1,0,1,1 user reviews
1191620,9,3,12,Mostly Positive
361190,77,73,150,Mixed
889970,2,3,5,5 user reviews
1853140,0,1,1,1 user reviews
486570,121,70,191,Mixed
242550,2365,369,2734,Very Positive
992176,47,9,56,Very Positive
678950,20476,1977,22453,Very Positive
827240,121,194,315,Mostly Negative
940710,249,18,267,Very Positive
571720,89,35,124,Mostly Positive
13570,2586,205,2791,Very Positive
643200,107,35,142,Mostly Positive
1968893,1,2,3,3 user reviews
1304930,16209,856,17065,Very Positive
310850,28,57,85,Mostly Negative
1106830,83,5,88,Very Positive
599610,271,12,283,Very Positive
259190,111,62,173,Mixed
322950,13,26,39,Mostly Negative
284441,27,10,37,Mostly Positive
2062120,0,0,0,No user reviews
2062120,0,0,0,No user reviews
1194700,67,65,132,Mixed
978520,1129,350,1479,Mostly Positive
28665,0,0,0,No user reviews
598940,19,10,29,Mixed
1403830,64,14,78,Very Positive
1287530,261,71,332,Mostly Positive
780350,108,41,149,Mostly Positive
307670,1537,513,2050,Mostly Positive
2130960,46,2,48,Positive
1082710,3390,84,3474,Overwhelmingly Positive
1206430,585,129,714,Very Positive
604540,1184,1157,2341,Mixed
12477,0,0,0,No user reviews
1869410,5,0,5,5 user reviews
1767240,13,2,15,Positive
667720,1379,319,1698,Very Positive
942290,263,144,407,Mixed
1205240,119,15,134,Very Positive
1287840,535,191,726,Mostly Positive
1720090,52,10,62,Very Positive
2307480,1,0,1,1 user reviews
1253860,40,33,73,Mixed
2194660,1,3,4,4 user reviews
1811230,4,0,4,4 user reviews
1677770,3663,43,3706,Overwhelmingly Positive
738520,3446,1203,4649,Mostly Positive
2133143,0,0,0,No user reviews
1815570,413,31,444,Very Positive
7530,46,69,115,Mixed
1609870,26,11,37,Mostly Positive
391170,119,23,142,Very Positive
12261,0,0,0,No user reviews
439800,22,5,27,Positive
1099460,18,8,26,Mixed
1141120,21,4,25,Positive
1234430,72,15,87,Very Positive
692080,17,1,18,Positive
1303313,8,4,12,Mixed
964990,41,5,46,Positive
711980,511,92,603,Very Positive
589280,30,2,32,Positive
502500,13351,1822,15173,Very Positive
2097350,1,1,2,2 user reviews
916180,10,6,16,Mixed
333580,5,1,6,6 user reviews
65500,43,33,76,Mixed
979070,578,91,669,Very Positive
1282410,786,190,976,Very Positive
1205240,119,15,134,Very Positive
265120,89,101,190,Mixed
427490,435,90,525,Very Positive
272510,1434,382,1816,Mostly Positive
2192770,0,0,0,No user reviews
1227280,905,170,1075,Very Positive
1205240,119,15,134,Very Positive
1266030,960,87,1047,Very Positive
1050000,34,3,37,Positive
979690,8157,2325,10482,Mostly Positive
21037,0,0,0,No user reviews
12661,0,0,0,No user reviews
1178210,148,19,167,Very Positive
960781,0,0,0,No user reviews
940580,21,18,39,Mixed
1184351,0,0,0,No user reviews
1937500,985,33,1018,Overwhelmingly Positive
2391960,76,46,122,Mixed
2014690,6,3,9,9 user reviews
253880,141,57,198,Mostly Positive
1015920,214,6,220,Very Positive
249230,906,456,1362,Mixed
6830,696,153,849,Very Positive
868490,0,0,0,No user reviews
351970,2659,708,3367,Mostly Positive
532920,56,30,86,Mixed
1992293,4,1,5,5 user reviews
687500,32,29,61,Mixed
1401400,20,16,36,Mixed
411300,3273,1567,4840,Mixed
1228710,7,1,8,8 user reviews
899440,2294,336,2630,Very Positive
1498760,56,251,307,Very Negative
2192770,0,0,0,No user reviews
1116540,144,22,166,Very Positive
301190,240,53,293,Very Positive
551860,431,173,604,Mostly Positive
25930,57,42,99,Mixed
20550,276,242,518,Mixed
2054470,26,10,36,Mostly Positive
689910,263,24,287,Very Positive
348440,63,5,68,Very Positive
1958560,7,24,31,Mostly Negative
664000,169,43,212,Mostly Positive
1205240,119,15,134,Very Positive
15227,0,0,0,No user reviews
1756130,175,121,296,Mixed
1205240,119,15,134,Very Positive
1189650,1,1,2,2 user reviews
608760,33,8,41,Positive
1401490,62,31,93,Mixed
234670,2900,363,3263,Very Positive
1356810,294,25,319,Very Positive
1116060,10,17,27,Mostly Negative
1329500,1434,94,1528,Very Positive
15021,0,0,0,No user reviews
1392840,1592,294,1886,Very Positive
1824930,0,0,0,No user reviews
1367250,6,0,6,6 user reviews
2488510,333,86,419,Mostly Positive
11176,0,0,0,No user reviews
513710,24128,7888,32016,Mostly Positive
1966880,86,12,98,Very Positive
11550,91,23,114,Mostly Positive
232090,33490,4603,38093,Very Positive
261030,10876,518,11394,Overwhelmingly Positive
842100,703,312,1015,Mixed
635390,60,18,78,Mostly Positive
501020,24,9,33,Mostly Positive
1076550,208,19,227,Very Positive
1658150,1125,145,1270,Very Positive
313810,73,43,116,Mixed
1704470,10,3,13,Mostly Positive
21037,0,0,0,No user reviews
594650,58704,10684,69388,Very Positive
1282150,945,76,1021,Very Positive
605800,37,22,59,Mixed
756530,234,141,375,Mixed
243200,750,92,842,Very Positive
1433340,694,40,734,Very Positive
1368870,187,27,214,Very Positive
1086481,74,26,100,Mostly Positive
436120,76,118,194,Mostly Negative
1471040,78,132,210,Mostly Negative
1952540,61,4,65,Very Positive
748360,626,162,788,Mostly Positive
9460,255,134,389,Mixed
201804,12,5,17,Mostly Positive
561510,4,1,5,5 user reviews
1082430,7749,158,7907,Overwhelmingly Positive
253880,141,57,198,Mostly Positive
1101670,27,6,33,Positive
1634150,1168,70,1238,Very Positive
1288410,31,1,32,Positive
1176670,5,0,5,5 user reviews
1015930,159,144,303,Mixed
390720,281,20,301,Very Positive
307,0,0,0,No user reviews
1171120,20,12,32,Mixed
501300,11663,756,12419,Very Positive
20971,0,0,0,No user reviews
259320,9,27,36,Mostly Negative
1205240,119,15,134,Very Positive
2192770,0,0,0,No user reviews
1372110,2621,410,3031,Very Positive
1047440,536,25,561,Overwhelmingly Positive
203830,605,115,720,Very Positive
208520,501,329,830,Mixed
584140,384,360,744,Mixed
865830,104,10,114,Very Positive
1205240,119,15,134,Very Positive
1358840,29,24,53,Mixed
61500,387,118,505,Mostly Positive
791200,59,2,61,Very Positive
1076200,1244,210,1454,Very Positive
589150,6,6,12,Mixed
606730,92,67,159,Mixed
1932460,1,4,5,5 user reviews
215160,790,96,886,Very Positive
573120,372,104,476,Mostly Positive
895620,848,204,1052,Very Positive
1069690,393,138,531,Mostly Positive
1644210,51,9,60,Very Positive
407472,0,0,0,No user reviews
407472,0,0,0,No user reviews
544610,1637,227,1864,Very Positive
862380,1,0,1,1 user reviews
420740,784,68,852,Very Positive
1330660,224,152,376,Mixed
982290,841,117,958,Very Positive
589530,442,45,487,Very Positive
2331690,0,0,0,No user reviews
1801880,1,0,1,1 user reviews
1557700,9,3,12,Mostly Positive
2192770,0,0,0,No user reviews
1497450,92,12,104,Very Positive
1140290,689,101,790,Very Positive
1784570,90,40,130,Mixed
1172540,14,10,24,Mixed
1179210,1871,83,1954,Overwhelmingly Positive
1503630,5,3,8,8 user reviews
1303183,411,185,596,Mixed
1048540,521,42,563,Very Positive
1531470,112,32,144,Mostly Positive
1829592,11,1,12,Positive
234650,5695,699,6394,Very Positive
294100,87312,1636,88948,Overwhelmingly Positive
1532460,22,19,41,Mixed
1193430,8,2,10,Positive
415300,133,53,186,Mostly Positive
1385380,5227,702,5929,Very Positive
943260,269,73,342,Mostly Positive
374320,83997,5771,89768,Very Positive
715670,12,1,13,Positive
437530,52,21,73,Mostly Positive
739080,126,24,150,Very Positive
506971,1061,168,1229,Very Positive
320,3388,400,3788,Very Positive
285500,320,134,454,Mostly Positive
722560,308,99,407,Mostly Positive
1497160,22,9,31,Mostly Positive
1140000,155,54,209,Mostly Positive
16285,0,0,0,No user reviews
1459960,32,28,60,Mixed
1042490,1404,182,1586,Very Positive
743450,7759,342,8101,Overwhelmingly Positive
1666,0,0,0,No user reviews
1431780,91,2,93,Very Positive
1148020,56,25,81,Mixed
33507,0,0,0,No user reviews
2111560,0,0,0,No user reviews
13245,0,0,0,No user reviews
438490,1412,234,1646,Very Positive
2391960,76,46,122,Mixed
2118540,20,5,25,Positive
1205240,119,15,134,Very Positive
244160,5961,843,6804,Very Positive
971630,60,60,120,Mixed
1793050,7,1,8,8 user reviews
324680,971,39,1010,Overwhelmingly Positive
2192770,0,0,0,No user reviews
690640,2351,169,2520,Very Positive
279623,42,61,103,Mixed
2192770,0,0,0,No user reviews
411893,385,35,420,Very Positive
1169040,4562,219,4781,Overwhelmingly Positive
254060,69,41,110,Mixed
25990,315,16,331,Very Positive
1045610,36,28,64,Mixed
861650,6145,1169,7314,Very Positive
502500,13351,1823,15174,Very Positive
2001014,41,5,46,Positive
1569220,8,25,33,Mostly Negative
820910,65,8,73,Very Positive
400080,512,109,621,Very Positive
442010,416,171,587,Mostly Positive
1449690,4083,98,4181,Overwhelmingly Positive
490080,17,34,51,Mostly Negative
355430,12,10,22,Mixed
1579020,114,47,161,Mostly Positive
1944910,44,22,66,Mixed
2413960,0,0,0,No user reviews
622680,35,12,47,Mostly Positive
1220140,760,249,1009,Mostly Positive
1666,0,0,0,No user reviews
1768280,539,62,601,Very Positive
1154840,571,101,672,Very Positive
1413450,29,4,33,Positive
1624540,1934,409,2343,Very Positive
538020,105,109,214,Mixed
2059170,573,111,684,Very Positive
429620,132,112,244,Mixed
1525260,33,13,46,Mostly Positive
30194,0,0,0,No user reviews
1150080,852,260,1112,Mostly Positive
556990,10,3,13,Mostly Positive
1205240,119,15,134,Very Positive
583030,3,4,7,7 user reviews
313500,255,53,308,Very Positive
1341290,3768,233,4001,Very Positive
406290,1062,149,1211,Very Positive
1578160,56,8,64,Very Positive
470310,2513,152,2665,Very Positive
402020,1132,448,1580,Mostly Positive
40390,673,223,896,Mostly Positive
1528440,3,1,4,4 user reviews
817540,646,130,776,Very Positive
1058450,1243,164,1407,Very Positive
2192770,0,0,0,No user reviews
2192770,0,0,0,No user reviews
642750,331,106,437,Mostly Positive
1205240,119,15,134,Very Positive
991560,274,214,488,Mixed
300380,4052,749,4801,Very Positive
1726384,7,3,10,Mostly Positive
230650,57,78,135,Mixed
889910,390,34,424,Very Positive
1652250,374,38,412,Very Positive
224900,133,75,208,Mixed
557520,78,50,128,Mixed
1744640,3,1,4,4 user reviews
1972440,2402,161,2563,Very Positive
1599020,599,9,608,Overwhelmingly Positive
260860,3,0,3,3 user reviews
1140570,60,8,68,Very Positive
534360,18,13,31,Mixed
246960,100,20,120,Very Positive
302190,68,22,90,Mostly Positive
1170980,11,12,23,Mixed
1766280,2,1,3,3 user reviews
1067220,72,3,75,Very Positive
1791690,14,4,18,Mostly Positive
814570,4,2,6,6 user reviews
785780,28,9,37,Mostly Positive
91104,6,0,6,6 user reviews
1230200,24,5,29,Positive
294100,87312,1636,88948,Overwhelmingly Positive
997030,11,3,14,Mostly Positive
418640,8,6,14,Mixed
1755300,26,21,47,Mixed
628710,34,14,48,Mostly Positive
229080,9,1,10,Positive
1987750,0,0,0,No user reviews
42960,7923,606,8529,Very Positive
362960,4894,808,5702,Very Positive
1413450,29,4,33,Positive
206718,3,0,3,3 user reviews
2192770,0,0,0,No user reviews
1278210,42,3,45,Positive
39660,56,28,84,Mixed
2097360,3,1,4,4 user reviews
2477010,38,31,69,Mixed
338320,127,51,178,Mostly Positive
1676840,2235,586,2821,Mostly Positive
944070,47,5,52,Very Positive
456810,29,15,44,Mixed
1436920,34,9,43,Mostly Positive
2192770,0,0,0,No user reviews
205633,12,4,16,Mostly Positive
102622,32,3,35,Positive
1967430,946,10,956,Overwhelmingly Positive
289360,16,7,23,Mixed
2216830,175,99,274,Mixed
1458100,2801,294,3095,Very Positive
2157560,618,69,687,Very Positive
744750,10,7,17,Mixed
254100,42,21,63,Mixed
253960,42,48,90,Mixed
1266220,88,40,128,Mixed
871420,212,75,287,Mostly Positive
390180,5,6,11,Mixed
679110,152,63,215,Mostly Positive
1021790,628,320,948,Mixed
242700,2890,644,3534,Very Positive
1084820,38,6,44,Positive
1058450,1242,164,1406,Very Positive
1788210,48,7,55,Very Positive
621970,23,18,41,Mixed
1579992,57,8,65,Very Positive
225640,732,241,973,Mostly Positive
1592600,7,11,18,Mostly Negative
262280,741,248,989,Mostly Positive
1953860,107,9,116,Very Positive
1195240,20,5,25,Positive
329530,86,4,90,Very Positive
776930,1,6,7,7 user reviews
2215260,601,317,918,Mixed
458540,22,4,26,Positive
313140,82,26,108,Mostly Positive
448800,25,4,29,Positive
2192770,0,0,0,No user reviews
346820,67,2,69,Very Positive
532320,168,20,188,Very Positive
448000,36,37,73,Mixed
1155330,473,28,501,Very Positive
1229420,29,25,54,Mixed
263300,987,198,1185,Very Positive
305380,562,53,615,Very Positive
714080,232,59,291,Mostly Positive
32750,119,14,133,Very Positive
212070,53,32,85,Mixed
1417880,16,8,24,Mixed
1016360,117,20,137,Very Positive
1080750,496,16,512,Overwhelmingly Positive
568070,12,12,24,Mixed
1151680,15,3,18,Positive
2478970,0,0,0,No user reviews
1760030,12,18,30,Mixed
254960,321,45,366,Very Positive
573832,72,50,122,Mixed
1705820,116,57,173,Mixed
15892,0,0,0,No user reviews
1158890,107,31,138,Mostly Positive
1164290,14,4,18,Mostly Positive
453910,23,4,27,Positive
47967,0,0,0,No user reviews
1644320,445,142,587,Mostly Positive
420060,204,78,282,Mostly Positive
1020790,305,373,678,Mixed
1599030,1,0,1,1 user reviews
290080,2494,1726,4220,Mixed
1143400,40,15,55,Mostly Positive
1630580,24,3,27,Positive
1502380,178,34,212,Very Positive
680030,20,2,22,Positive
1490340,144,6,150,Very Positive
73010,253,95,348,Mostly Positive
1014040,117,25,142,Very Positive
452120,21,5,26,Positive
980210,47,11,58,Very Positive
366670,11,5,16,Mixed
327670,428,150,578,Mostly Positive
1205240,119,15,134,Very Positive
393430,182,29,211,Very Positive
334100,18,3,21,Positive
2148900,5,1,6,6 user reviews
215371,2,1,3,3 user reviews
384570,160,83,243,Mixed
464340,413,480,893,Mixed
689860,13,8,21,Mixed
614450,3,8,11,Mostly Negative
736810,95,21,116,Very Positive
253940,265,62,327,Very Positive
2244480,50,16,66,Mostly Positive
313480,333,45,378,Very Positive
46510,424,79,503,Very Positive
1652891,23,13,36,Mixed
2145870,11,5,16,Mixed
207620,294,111,405,Mostly Positive
586140,3593,163,3756,Overwhelmingly Positive
1182470,19,3,22,Positive
1205240,119,15,134,Very Positive
1492680,598,58,656,Very Positive
1042550,2936,286,3222,Very Positive
793460,1431,171,1602,Very Positive
11126,0,0,0,No user reviews
217690,322,249,571,Mixed
1045720,265,19,284,Very Positive
1075550,15,7,22,Mixed
33633,0,0,0,No user reviews
1058450,1242,164,1406,Very Positive
414740,649,480,1129,Mixed
858710,979,38,1017,Overwhelmingly Positive
1840710,55,7,62,Very Positive
544750,4064,832,4896,Very Positive
404690,110,27,137,Very Positive
1563130,38,329,367,Very Negative
242640,2866,639,3505,Very Positive
1109480,1,0,1,1 user reviews
2192770,0,0,0,No user reviews
1363900,93,92,185,Mixed
2502910,82,27,109,Mostly Positive
1725360,7,6,13,Mixed
1334730,426,67,493,Very Positive
1298480,129,45,174,Mostly Positive
770810,751,93,844,Very Positive
451400,18,20,38,Mixed
1004370,16,8,24,Mixed
1045890,0,0,0,No user reviews
1009560,2483,461,2944,Very Positive
1149640,1081,186,1267,Very Positive
202310,274,200,474,Mixed
889903,37,25,62,Mixed
371180,396,31,427,Very Positive
1272580,45,6,51,Very Positive
1223060,48,7,55,Very Positive
1045180,194,82,276,Mostly Positive
1184370,11101,2499,13600,Very Positive
1438980,28,1,29,Positive
1531471,44,11,55,Very Positive
1483300,13,3,16,Positive
729000,1583,98,1681,Very Positive
237810,0,0,0,No user reviews
1205240,119,15,134,Very Positive
1383370,12,6,18,Mixed
921950,154,122,276,Mixed
800270,2003,859,2862,Mixed
809880,241,35,276,Very Positive
1394810,16,4,20,Positive
24870,578,246,824,Mostly Positive
803050,1657,503,2160,Mostly Positive
618970,218,57,275,Mostly Positive
1001640,8,14,22,Mostly Negative
1259750,11,12,23,Mixed
1569200,235,65,300,Mostly Positive
1205240,119,15,134,Very Positive
711680,16,21,37,Mixed
794180,2,5,7,7 user reviews
253900,633,139,772,Very Positive
637090,13373,2388,15761,Very Positive
1202900,2330,211,2541,Very Positive
1205240,119,15,134,Very Positive
1468380,24,3,27,Positive
1951590,14,1,15,Positive
1205240,119,15,134,Very Positive
331600,1932,552,2484,Mostly Positive
418950,239,50,289,Very Positive
547500,55,12,67,Very Positive
711681,17,8,25,Mixed
540711,43,3,46,Positive
1363680,11,0,11,Positive
1477020,51,19,70,Mostly Positive
1751921,7,3,10,Mostly Positive
352550,208,529,737,Mostly Negative
9760,136,42,178,Mostly Positive
13807,0,0,0,No user reviews
550320,2656,156,2812,Very Positive
995860,43,7,50,Very Positive
275570,241,40,281,Very Positive
506971,1061,168,1229,Very Positive
589670,25,7,32,Mostly Positive
506970,1032,636,1668,Mixed
417900,8,2,10,Positive
985890,5513,373,5886,Very Positive
23037,0,0,0,No user reviews
1649990,2,2,4,4 user reviews
1057271,24,2,26,Positive
1655670,14,1,15,Positive
715191,156,29,185,Very Positive
2144480,15,3,18,Positive
1126600,79,10,89,Very Positive
1054430,144,22,166,Very Positive
1100420,163,21,184,Very Positive
215160,790,96,886,Very Positive
473530,38,4,42,Positive
738650,66,9,75,Very Positive
989690,427,176,603,Mostly Positive
252410,2203,151,2354,Very Positive
921489,2,0,2,2 user reviews
214950,22767,4318,27085,Very Positive
1433010,37,21,58,Mixed
922500,384,149,533,Mostly Positive
108600,82193,5227,87420,Very Positive
258520,3443,537,3980,Very Positive
300550,3430,370,3800,Very Positive
289840,16,30,46,Mostly Negative
1778820,0,0,0,No user reviews
610160,55,54,109,Mixed
236080,112,9,121,Very Positive
612491,5,0,5,5 user reviews
1293280,41,7,48,Positive
1183420,1,0,1,1 user reviews
711172,31,25,56,Mixed
1205240,119,15,134,Very Positive
1063470,3,5,8,8 user reviews
1178150,30,1,31,Positive
991560,274,214,488,Mixed
1342620,384,62,446,Very Positive
814370,3511,261,3772,Very Positive
1399690,11,21,32,Mostly Negative
707160,0,0,0,No user reviews
1721170,150,10,160,Very Positive
258220,124,59,183,Mixed
572330,34,18,52,Mixed
976700,60,10,70,Very Positive
538030,645,169,814,Mostly Positive
1204230,38,19,57,Mixed
1527950,7565,897,8462,Very Positive
591460,1646,99,1745,Very Positive
2264140,39,12,51,Mostly Positive
520670,28,9,37,Mostly Positive
282900,5211,339,5550,Very Positive
938380,139,53,192,Mostly Positive
459120,38,9,47,Positive
2302840,2,0,2,2 user reviews
27954,0,0,0,No user reviews
370870,135,50,185,Mostly Positive
1640850,25,3,28,Positive
2192770,0,0,0,No user reviews
1727420,77,1,78,Very Positive
809870,107,4,111,Very Positive
23490,385,43,428,Very Positive
458500,5,3,8,8 user reviews
2307471,43,3,46,Positive
1789180,4,0,4,4 user reviews
312050,3,6,9,9 user reviews
260650,59,31,90,Mixed
1206200,339,382,721,Mixed
222440,786,28,814,Overwhelmingly Positive
1435670,215,42,257,Very Positive
1176470,2730,575,3305,Very Positive
1282350,12,8,20,Mixed
2313400,17,21,38,Mixed
488960,15,1,16,Positive
585450,583,154,737,Mostly Positive
1472191,21,0,21,Positive
1205240,119,15,134,Very Positive
404590,493,290,783,Mixed
957660,89,13,102,Very Positive
280180,790,174,964,Very Positive
1089671,5,1,6,6 user reviews
201805,9,2,11,Positive
2006870,8,3,11,Mostly Positive
2260100,1,0,1,1 user reviews
282530,500,147,647,Mostly Positive
1482870,16,1,17,Positive
1293730,85,37,122,Mixed
926520,94,7,101,Very Positive
656580,3,3,6,6 user reviews
1205240,119,15,134,Very Positive
718560,1758,170,1928,Very Positive
250810,0,0,0,No user reviews
244450,13494,1245,14739,Very Positive
365590,17391,6798,24189,Mostly Positive
222140,140,62,202,Mixed
545800,12,9,21,Mixed
536220,3692,1245,4937,Mostly Positive
450812,28,1,29,Positive
1139280,196,7,203,Very Positive
700160,116,17,133,Very Positive
25614,0,0,0,No user reviews
1630090,7,0,7,7 user reviews
428690,5312,1625,6937,Mostly Positive
1172470,805,128,933,Very Positive
207930,124,66,190,Mixed
254370,77,82,159,Mixed
1840870,1,4,5,5 user reviews
1530501,0,0,0,No user reviews
1683380,3,0,3,3 user reviews
226840,3582,775,4357,Very Positive
12601,0,0,0,No user reviews
1248433,59,0,59,Very Positive
94174,0,0,0,No user reviews
2581740,37,13,50,Mostly Positive
260690,119,31,150,Mostly Positive
1546710,164,40,204,Very Positive
92888,0,0,0,No user reviews
258677,5,1,6,6 user reviews
738540,1248,221,1469,Very Positive
417290,1598,168,1766,Very Positive
21056,0,0,0,No user reviews
1088000,68,28,96,Mostly Positive
335320,44,26,70,Mixed
2192770,0,0,0,No user reviews
223730,146,12,158,Very Positive
316160,73,90,163,Mixed
1699950,0,0,0,No user reviews
1100250,17,23,40,Mixed
614582,32,10,42,Mostly Positive
504450,3,5,8,8 user reviews
1386780,494,169,663,Mostly Positive
832320,43,1,44,Positive
314330,73,9,82,Very Positive
1380060,0,3,3,3 user reviews
678950,20476,1977,22453,Very Positive
1436700,314,12,326,Very Positive
1730680,942,30,972,Overwhelmingly Positive
474910,24,21,45,Mixed
626610,306,117,423,Mostly Positive
30100,0,0,0,No user reviews
571530,255,24,279,Very Positive
1239450,61,3,64,Very Positive
205810,50,25,75,Mixed
526980,17,11,28,Mixed
887120,41,22,63,Mixed
12618,0,0,0,No user reviews
16002,0,0,0,No user reviews
11830,0,0,0,No user reviews
612390,261,56,317,Very Positive
814000,928,176,1104,Very Positive
1543150,549,175,724,Mostly Positive
839450,132,36,168,Mostly Positive
616240,20,26,46,Mixed
636501,12,0,12,Positive
944920,259,62,321,Very Positive
1552810,135,49,184,Mostly Positive
16952,0,0,0,No user reviews
366250,661,107,768,Very Positive
7360,0,0,0,No user reviews
1205240,119,15,134,Very Positive
2192770,0,0,0,No user reviews
616750,13,7,20,Mixed
46540,92,168,260,Mostly Negative
1222370,2276,931,3207,Mostly Positive
1913420,1,0,1,1 user reviews
15127,0,0,0,No user reviews
2192770,0,0,0,No user reviews
6253,0,0,0,No user reviews
522651,2,0,2,2 user reviews
31270,967,134,1101,Very Positive
589170,1,4,5,5 user reviews
1205240,119,15,134,Very Positive
1759870,16,18,34,Mixed
536741,2,0,2,2 user reviews
645320,36,7,43,Positive
826600,111,45,156,Mostly Positive
37265,0,0,0,No user reviews
1451950,17,6,23,Mostly Positive
2192770,0,0,0,No user reviews
743830,14,7,21,Mixed
421790,25,16,41,Mixed
348290,36,43,79,Mixed
287310,312,35,347,Very Positive
675260,2967,185,3152,Very Positive
942180,5,2,7,7 user reviews
2192770,0,0,0,No user reviews
397310,55,24,79,Mixed
630030,100,38,138,Mostly Positive
914890,55,7,62,Very Positive
57000,65,8,73,Very Positive
897670,414,53,467,Very Positive
1361210,36061,17444,53505,Mixed
400450,228,61,289,Mostly Positive
1449280,762,84,846,Very Positive
243280,29,6,35,Positive
236850,37304,5727,43031,Very Positive
1395900,4,1,5,5 user reviews
400750,4263,787,5050,Very Positive
377250,2,1,3,3 user reviews
411330,194,73,267,Mostly Positive
1349830,24,10,34,Mostly Positive
261720,30,33,63,Mixed
1583,0,0,0,No user reviews
1235764,0,0,0,No user reviews
558300,4,4,8,8 user reviews
1491040,15,3,18,Positive
1012840,763,232,995,Mostly Positive
219990,30940,1553,32493,Overwhelmingly Positive
1158310,32966,2740,35706,Very Positive
875310,109,50,159,Mixed
714080,232,59,291,Mostly Positive
1148021,13,4,17,Mostly Positive
46400,53,63,116,Mixed
1083890,16,5,21,Mostly Positive
685060,7,0,7,7 user reviews
1172470,805,128,933,Very Positive
1295790,102,35,137,Mostly Positive
34962,0,0,0,No user reviews
1289450,37,12,49,Mostly Positive
1390670,46,5,51,Very Positive
738530,419,337,756,Mixed
443360,15,9,24,Mixed
341170,70,6,76,Very Positive
61700,808,169,977,Very Positive
348360,270,81,351,Mostly Positive
307350,5,9,14,Mostly Negative
1338963,0,0,0,No user reviews
218510,79,64,143,Mixed
382400,37,24,61,Mixed
6860,4899,302,5201,Very Positive
1140170,97,22,119,Very Positive
376490,22,5,27,Positive
2432590,0,0,0,No user reviews
582610,4,5,9,9 user reviews
292420,36,40,76,Mixed
395180,986,230,1216,Very Positive
1829590,20,91,111,Very Negative
556180,216,69,285,Mostly Positive
848430,2,4,6,6 user reviews
795420,630,25,655,Overwhelmingly Positive
879000,94,58,152,Mixed
39670,301,133,434,Mixed
33620,159,27,186,Very Positive
1115751,1,1,2,2 user reviews
1085220,122,3,125,Very Positive
573370,9,8,17,Mixed
1554910,8,13,21,Mostly Negative
1282531,82,40,122,Mixed
1010210,12,1,13,Positive
1178880,269,80,349,Mostly Positive
431960,170929,2865,173794,Overwhelmingly Positive
417480,2,3,5,5 user reviews
4156,0,0,0,No user reviews
1801881,1,0,1,1 user reviews
286930,7,6,13,Mixed
267900,71,72,143,Mixed
1662480,230,9,239,Very Positive
21208,0,0,0,No user reviews
1205240,119,15,134,Very Positive
690120,38,6,44,Positive
373930,1092,293,1385,Mostly Positive
235540,6353,1239,7592,Very Positive
387340,959,118,1077,Very Positive
801650,12,8,20,Mixed
1584710,3,0,3,3 user reviews
742520,305,15,320,Very Positive
630980,0,0,0,No user reviews
1462810,364,126,490,Mostly Positive
14069,0,0,0,No user reviews
259600,174,40,214,Very Positive
351340,195,80,275,Mostly Positive
240600,218,63,281,Mostly Positive
1431040,27,10,37,Mostly Positive
345820,893,48,941,Very Positive
916960,2,0,2,2 user reviews
946650,22,4,26,Positive
493900,4340,344,4684,Very Positive
660160,404,61,465,Very Positive
1453850,44,25,69,Mixed
32680,188,25,213,Very Positive
684450,1113,404,1517,Mostly Positive
289820,15,46,61,Mostly Negative
1664550,22,5,27,Positive
515190,49,31,80,Mixed
1122700,29,10,39,Mostly Positive
1836860,191,57,248,Mostly Positive
463170,77,55,132,Mixed
225420,301,263,564,Mixed
1003090,170,30,200,Very Positive
437000,104,33,137,Mostly Positive
751340,32,15,47,Mixed
215970,3,3,6,6 user reviews
1867530,505,53,558,Very Positive
1220150,838,164,1002,Very Positive
1820140,32,11,43,Mostly Positive
2195610,51,29,80,Mixed
711130,15,2,17,Positive
4308,0,0,0,No user reviews
2104800,3,0,3,3 user reviews
64013,8,3,11,Mostly Positive
414651,9,10,19,Mixed
501840,55,23,78,Mostly Positive
1853410,52,3,55,Very Positive
1530160,359,68,427,Very Positive
303260,10,10,20,Mixed
21277,0,0,0,No user reviews
1295510,2253,159,2412,Very Positive
2192770,0,0,0,No user reviews
1778820,0,0,0,No user reviews
10270,167,131,298,Mixed
290320,17,3,20,Positive
975370,17970,850,18820,Overwhelmingly Positive
1778820,0,0,0,No user reviews
523502,5,2,7,7 user reviews
2539880,0,0,0,No user reviews
773991,74,99,173,Mixed
559100,1396,458,1854,Mostly Positive
2164540,26,11,37,Mostly Positive
848330,8,3,11,Mostly Positive
1122680,534,44,578,Very Positive
963930,2082,373,2455,Very Positive
3230,26,66,92,Mostly Negative
232970,167,22,189,Very Positive
1499700,7,5,12,Mixed
1117670,37,15,52,Mostly Positive
204940,58,40,98,Mixed
1666,0,0,0,No user reviews
294370,150,61,211,Mostly Positive
286480,116,19,135,Very Positive
1602110,19,22,41,Mixed
260710,39,15,54,Mostly Positive
2758,0,0,0,No user reviews
245280,2053,395,2448,Very Positive
310060,875,154,1029,Very Positive
1058020,2285,81,2366,Overwhelmingly Positive
24534,0,0,0,No user reviews
15027,0,0,0,No user reviews
1968895,1,0,1,1 user reviews
1491510,25,2,27,Positive
2357271,0,0,0,No user reviews
306490,43,40,83,Mixed
1983220,46,0,46,Positive
446790,312,177,489,Mixed
2447590,246,46,292,Very Positive
1475840,229,8,237,Very Positive
1919980,2,0,2,2 user reviews
1596730,72,3,75,Very Positive
1242980,520,50,570,Very Positive
310060,875,154,1029,Very Positive
1304930,16209,857,17066,Very Positive
899310,191,54,245,Mostly Positive
946990,71,60,131,Mixed
1730700,697,16,713,Overwhelmingly Positive
646910,14920,2975,17895,Very Positive
1304930,16209,857,17066,Very Positive
354240,1734,268,2002,Very Positive
1968894,0,0,0,No user reviews
32610,50,35,85,Mixed
756680,4,0,4,4 user reviews
2514130,0,0,0,No user reviews
1205240,119,15,134,Very Positive
294020,101,61,162,Mixed
411370,1379,80,1459,Very Positive
1402120,450,126,576,Mostly Positive
431300,2,2,4,4 user reviews
848350,2848,203,3051,Very Positive
1197030,36,2,38,Positive
809240,24,9,33,Mostly Positive
205636,11,6,17,Mixed
352220,224,59,283,Mostly Positive
1580520,388,154,542,Mostly Positive
740550,29,21,50,Mixed
995430,10,9,19,Mixed
537340,591,170,761,Mostly Positive
1269030,6,6,12,Mixed
1036760,61,9,70,Very Positive
404050,59,27,86,Mixed
1205240,119,15,134,Very Positive
1506830,26841,6374,33215,Very Positive
858820,4555,1491,6046,Mostly Positive
2192770,0,0,0,No user reviews
672630,1169,181,1350,Very Positive
1983245,15,6,21,Mostly Positive
1403650,175,41,216,Very Positive
749960,156,44,200,Mostly Positive
1630740,4,1,5,5 user reviews
940680,430,89,519,Very Positive
801710,24,5,29,Positive
1419290,42,2,44,Positive
1267910,5950,426,6376,Very Positive
2192770,0,0,0,No user reviews
1248434,73,42,115,Mixed
621220,396,123,519,Mostly Positive
2307470,21,5,26,Positive
1701520,424,59,483,Very Positive
427730,12300,2694,14994,Very Positive
231740,908,223,1131,Very Positive
1250250,52,19,71,Mostly Positive
1967790,7,0,7,7 user reviews
1293180,1630,25,1655,Overwhelmingly Positive
782140,75,45,120,Mixed
517780,125,61,186,Mixed
1003490,34,5,39,Positive
1628610,349,3,352,Very Positive
1016730,188,105,293,Mixed
1042360,28,21,49,Mixed
2098232,1,1,2,2 user reviews
874460,57,24,81,Mostly Positive
582540,15,1,16,Positive
250180,2034,253,2287,Very Positive
2321800,13,4,17,Mostly Positive
405340,13,10,23,Mixed
1198940,3,2,5,5 user reviews
2192770,0,0,0,No user reviews
2206320,49,36,85,Mixed
23615,0,0,0,No user reviews
61510,122,31,153,Mostly Positive
2328760,29,20,49,Mixed
886950,8,2,10,Positive
1177000,34,7,41,Positive
453100,65,14,79,Very Positive
2904,0,0,0,No user reviews
406940,50,22,72,Mixed
955900,1383,105,1488,Very Positive
25013,0,0,0,No user reviews
1966880,86,12,98,Very Positive
73185,0,0,0,No user reviews
1018000,50,44,94,Mixed
1941410,0,0,0,No user reviews
222420,547,47,594,Very Positive
2155770,147,39,186,Mostly Positive
2011980,15,5,20,Mostly Positive
451780,158,65,223,Mostly Positive
708880,83,1,84,Very Positive
460120,1353,93,1446,Very Positive
774361,10118,1094,11212,Very Positive
733340,201,13,214,Very Positive
57655,2,2,4,4 user reviews
32660,51,9,60,Very Positive
1243100,2,3,5,5 user reviews
2192770,0,0,0,No user reviews
2160770,1,0,1,1 user reviews
343000,31,27,58,Mixed
1777060,0,0,0,No user reviews
299680,277,62,339,Very Positive
2008100,326,29,355,Very Positive
1768280,539,62,601,Very Positive
1432050,1596,131,1727,Very Positive
1502390,3,0,3,3 user reviews
887450,124,46,170,Mostly Positive
504390,110,19,129,Very Positive
1021790,628,320,948,Mixed
292930,286,80,366,Mostly Positive
327130,53,49,102,Mixed
865940,57,13,70,Very Positive
625171,16,9,25,Mixed
15120,2494,471,2965,Very Positive
408650,102,41,143,Mostly Positive
2192770,0,0,0,No user reviews
1080040,15,0,15,Positive
1567520,8,10,18,Mixed
23455,0,0,0,No user reviews
1002310,3,0,3,3 user reviews
472420,91,12,103,Very Positive
1707400,40,1,41,Positive
464350,925,122,1047,Very Positive
907480,0,0,0,No user reviews
2192770,0,0,0,No user reviews
548370,42,65,107,Mostly Negative
192166,0,0,0,No user reviews
858240,18,7,25,Mostly Positive
212010,348,159,507,Mixed
762840,214,115,329,Mixed
1650200,15,0,15,Positive
1303312,2,5,7,7 user reviews
418670,48,16,64,Mostly Positive
483420,276,36,312,Very Positive
1549250,0,0,0,No user reviews
41008,0,0,0,No user reviews
690850,2,1,3,3 user reviews
489140,371,50,421,Very Positive
1933780,0,1,1,1 user reviews
1151050,292,34,326,Very Positive
958400,535,479,1014,Mixed
1552080,147,30,177,Very Positive
1037050,4,1,5,5 user reviews
856890,82,1,83,Very Positive
760060,5349,632,5981,Very Positive
1215110,17,1,18,Positive
275560,13,3,16,Positive
200370,163,104,267,Mixed
845030,42,1,43,Positive
1751750,21,6,27,Mostly Positive
1184370,11101,2499,13600,Very Positive
1252870,64,13,77,Very Positive
299230,49,3,52,Very Positive
952890,104,24,128,Very Positive
1279920,144,18,162,Very Positive
1568680,23,4,27,Positive
1494110,29,1,30,Positive
763710,20,6,26,Mostly Positive
322980,14,19,33,Mixed
520940,732,174,906,Very Positive
1205240,119,15,134,Very Positive
234860,1,3,4,4 user reviews
2225940,0,2,2,2 user reviews
1652450,14,2,16,Positive
7520,1100,946,2046,Mixed
1272070,152,9,161,Very Positive
1330540,0,1,1,1 user reviews
277450,364,122,486,Mostly Positive
1336120,37,17,54,Mixed
20971,0,0,0,No user reviews
16609,0,0,0,No user reviews
959860,45,32,77,Mixed
1424070,14,0,14,Positive
651490,75,23,98,Mostly Positive
574720,724,133,857,Very Positive
544630,14,1,15,Positive
61520,265,35,300,Very Positive
2418010,0,0,0,No user reviews
2458610,40,2,42,Positive
526660,20,10,30,Mixed
1101360,135,67,202,Mixed
1289450,37,12,49,Mostly Positive
824280,148,76,224,Mixed
214950,22768,4318,27086,Very Positive
1353080,19,4,23,Positive
1437660,88,7,95,Very Positive
237430,530,151,681,Mostly Positive
995070,18,33,51,Mostly Negative
1047010,179,23,202,Very Positive
113400,79,99,178,Mixed
597820,5570,2248,7818,Mostly Positive
1582680,394,147,541,Mostly Positive
1919140,20,7,27,Mostly Positive
961840,21,8,29,Mostly Positive
1709050,164,13,177,Very Positive
805660,25,16,41,Mixed
870540,0,0,0,No user reviews
1427160,1,0,1,1 user reviews
1990860,52,7,59,Very Positive
277110,111,37,148,Mostly Positive
1205240,119,15,134,Very Positive
1096410,790,347,1137,Mixed
22130,241,44,285,Very Positive
303840,41,24,65,Mixed
263520,41,21,62,Mixed
13808,0,0,0,No user reviews
9691,0,0,0,No user reviews
18524,0,0,0,No user reviews
1063040,62,8,70,Very Positive
1620030,10,32,42,Mostly Negative
1079230,103,12,115,Very Positive
953981,3,5,8,8 user reviews
268400,1024,99,1123,Very Positive
630610,277,26,303,Very Positive
1278260,42,51,93,Mixed
251430,322,43,365,Very Positive
314150,176,143,319,Mixed
310031,109,86,195,Mixed
543040,10,0,10,Positive
1143853,29,3,32,Positive
524580,477,93,570,Very Positive
46480,306,65,371,Very Positive
874360,49,47,96,Mixed
294810,466,44,510,Very Positive
880750,13,16,29,Mixed
1434310,6,11,17,Mostly Negative
454650,13429,1694,15123,Very Positive
975470,89,52,141,Mixed
57640,899,65,964,Very Positive
1658000,5,1,6,6 user reviews
1334580,15,2,17,Positive
46450,118,98,216,Mixed
1424060,19,16,35,Mixed
15992,0,0,0,No user reviews
558290,2,0,2,2 user reviews
1992292,5,0,5,5 user reviews
363940,7,12,19,Mostly Negative
979120,1655,171,1826,Very Positive
1930,942,330,1272,Mostly Positive
464340,413,480,893,Mixed
288060,339,79,418,Very Positive
1718640,17,2,19,Positive
423580,1637,282,1919,Very Positive
449981,15,8,23,Mixed
1413660,109,27,136,Very Positive
1939810,4,3,7,7 user reviews
446840,130,8,138,Very Positive
1007830,18,7,25,Mostly Positive
631570,757,46,803,Very Positive
354331,15,14,29,Mixed
1628252,0,1,1,1 user reviews
1657990,6,5,11,Mixed
31648,0,0,0,No user reviews
1024650,282,205,487,Mixed
384490,1538,1066,2604,Mixed
1293120,22,17,39,Mixed
275490,8,6,14,Mixed
1020790,305,373,678,Mixed
1426280,110,29,139,Mostly Positive
718850,2005,497,2502,Very Positive
304390,31101,13215,44316,Mostly Positive
458770,142,81,223,Mixed
1116880,134,20,154,Very Positive
489630,3333,751,4084,Very Positive
1323470,239,51,290,Very Positive
1395030,285,21,306,Very Positive
1586800,2543,25,2568,Overwhelmingly Positive
1522140,16,9,25,Mixed
1205240,119,15,134,Very Positive
1089840,126,20,146,Very Positive
1176379,1,1,2,2 user reviews
726560,27,0,27,Positive
1179290,52,4,56,Very Positive
1938820,11,9,20,Mixed
39690,349,292,641,Mixed
1610500,7,8,15,Mixed
498240,5142,974,6116,Very Positive
488770,148,42,190,Mostly Positive
991560,274,214,488,Mixed
842910,495,54,549,Very Positive
263720,198,87,285,Mixed
1982150,89,38,127,Mostly Positive
211050,137,69,206,Mixed
206716,0,1,1,1 user reviews
32630,192,28,220,Very Positive
259830,8,5,13,Mixed
232950,70,88,158,Mixed
1090165,22,1,23,Positive
292982,83,35,118,Mostly Positive
423810,46,42,88,Mixed
1418980,26,1,27,Positive
1205240,119,15,134,Very Positive
10322,0,0,0,No user reviews
1196690,1,1,2,2 user reviews
2710,197,27,224,Very Positive
914750,156,41,197,Mostly Positive
847360,171,34,205,Very Positive
42968,42,10,52,Very Positive
836590,4,9,13,Mostly Negative
632350,969,175,1144,Very Positive
331920,173,50,223,Mostly Positive
1086480,95,101,196,Mixed
1313010,1,0,1,1 user reviews
1013220,19,4,23,Positive
619700,49,27,76,Mixed
1151930,27,0,27,Positive
1101790,296,85,381,Mostly Positive
1170010,16,8,24,Mixed
1681870,11,12,23,Mixed
20974,0,0,0,No user reviews
1265780,82,132,214,Mostly Negative
1184370,11101,2499,13600,Very Positive
2192770,0,0,0,No user reviews
350770,55,44,99,Mixed
1620040,30,17,47,Mixed
30910,0,0,0,No user reviews
841150,12,6,18,Mixed
348550,3164,75,3239,Overwhelmingly Positive
936140,83,36,119,Mixed
33610,174,118,292,Mixed
16073,0,0,0,No user reviews
2591390,0,0,0,No user reviews
2085790,15,4,19,Mostly Positive
544750,4063,833,4896,Very Positive
465130,22,4,26,Positive
1205240,119,15,134,Very Positive
1043260,732,135,867,Very Positive
804010,722,108,830,Very Positive
491560,11,10,21,Mixed
369190,10,9,19,Mixed
1361190,4,1,5,5 user reviews
31648,0,0,0,No user reviews
748341,44,7,51,Very Positive
2597,0,0,0,No user reviews
1083310,62,33,95,Mixed
1151170,71,33,104,Mixed
2192770,0,0,0,No user reviews
585080,47,49,96,Mixed
1392840,1592,294,1886,Very Positive
746560,82,1,83,Very Positive
859580,6470,4158,10628,Mixed
1205970,603,282,885,Mixed
1084600,5955,284,6239,Overwhelmingly Positive
725850,12,1,13,Positive
210896,7,6,13,Mixed
21252,0,0,0,No user reviews
249170,3,5,8,8 user reviews
1086940,271195,9190,280385,Overwhelmingly Positive
346791,43,64,107,Mixed
235380,684,723,1407,Mixed
793360,4,1,5,5 user reviews
1425730,62,8,70,Very Positive
919390,30,17,47,Mixed
286300,55,12,67,Very Positive
1543240,62,3,65,Very Positive
953870,38,21,59,Mixed
618950,119,10,129,Very Positive
1205240,119,15,134,Very Positive
2191860,9,5,14,Mixed
1428820,116,22,138,Very Positive
21680,326,134,460,Mostly Positive
619680,95,4,99,Very Positive
2192770,0,0,0,No user reviews
2192770,0,0,0,No user reviews
1812090,364,62,426,Very Positive
6420,455,75,530,Very Positive
6310,1061,114,1175,Very Positive
802120,8,4,12,Mixed
2192770,0,0,0,No user reviews
2594010,15,7,22,Mixed
1038630,15,2,17,Positive
271850,57,51,108,Mixed
265380,21,16,37,Mixed
475960,32,13,45,Mostly Positive
351940,229,79,308,Mostly Positive
1665130,220,32,252,Very Positive
1351000,9,6,15,Mixed
1736290,48,16,64,Mostly Positive
1374170,22,8,30,Mostly Positive
702700,70,71,141,Mixed
1443370,0,1,1,1 user reviews
1658960,14,1,15,Positive
1659090,16,3,19,Positive
447820,8134,1339,9473,Very Positive
675590,121,4,125,Very Positive
2442810,0,0,0,No user reviews
253880,141,57,198,Mostly Positive
1025440,380,85,465,Very Positive
301220,1,7,8,8 user reviews
2141080,0,0,0,No user reviews
2192770,0,0,0,No user reviews
502370,643,108,751,Very Positive
1670570,3,0,3,3 user reviews
2144483,5,3,8,8 user reviews
1802450,14,7,21,Mixed
404100,27,7,34,Mostly Positive
896950,11,7,18,Mixed
282050,218,157,375,Mixed
282400,728,200,928,Mostly Positive
225420,301,263,564,Mixed
206720,0,1,1,1 user reviews
29658,0,0,0,No user reviews
1802451,8,5,13,Mixed
415480,310,64,374,Very Positive
996770,478,94,572,Very Positive
1276660,317,139,456,Mixed
1762700,57,9,66,Very Positive
812160,37,14,51,Mostly Positive
1253710,143,72,215,Mixed
353580,33,8,41,Positive
1061880,114,46,160,Mostly Positive
1269640,1206,20,1226,Overwhelmingly Positive
1998260,12,3,15,Positive
55140,1267,179,1446,Very Positive
351090,364,10,374,Very Positive
403290,89,25,114,Mostly Positive
1924170,97,40,137,Mostly Positive
625171,16,9,25,Mixed
715193,45,6,51,Very Positive
416424,58,102,160,Mostly Negative
1036890,1066,538,1604,Mixed
2482370,2,3,5,5 user reviews
1265780,82,132,214,Mostly Negative
996970,0,0,0,No user reviews
640090,20,3,23,Positive
449510,35,20,55,Mixed
1120560,303,38,341,Very Positive
879240,19,22,41,Mixed
546220,19,4,23,Positive
674670,1,0,1,1 user reviews
317920,1,2,3,3 user reviews
1247020,67,14,81,Very Positive
1556790,4007,646,4653,Very Positive
1390430,0,0,0,No user reviews
1824580,191,47,238,Very Positive
698700,255,27,282,Very Positive
329490,754,161,915,Very Positive
1059710,3,0,3,3 user reviews
506830,4,1,5,5 user reviews
663240,81,12,93,Very Positive
1644500,133,46,179,Mostly Positive
2226120,7,0,7,7 user reviews
1682320,3,0,3,3 user reviews
942170,0,0,0,No user reviews
1151250,70,25,95,Mostly Positive
836600,8,3,11,Mostly Positive
1535220,56,11,67,Very Positive
33600,356,42,398,Very Positive
46440,40,95,135,Mostly Negative
1454050,14,4,18,Mostly Positive
2162020,66,12,78,Very Positive
1730700,697,16,713,Overwhelmingly Positive
6850,978,234,1212,Very Positive
702680,215,41,256,Very Positive
223220,412,97,509,Very Positive
1803781,2,0,2,2 user reviews
738270,33,15,48,Mixed
641080,815,399,1214,Mixed
2224690,21,2,23,Positive
463530,5737,260,5997,Overwhelmingly Positive
1530800,12,0,12,Positive
756020,10,2,12,Positive
1248060,82,105,187,Mixed
322060,47,3,50,Very Positive
914970,19,15,34,Mixed
22085,0,0,0,No user reviews
2492940,52,30,82,Mixed
1002000,7,1,8,8 user reviews
1823802,21,3,24,Positive
4530,68,30,98,Mixed
1466821,0,1,1,1 user reviews
40320,43,10,53,Very Positive
1269500,18,4,22,Positive
1132980,143,47,190,Mostly Positive
827330,16,12,28,Mixed
1205240,119,15,134,Very Positive
325971,9,4,13,Mixed
297060,47,8,55,Very Positive
1124260,221,134,355,Mixed
1227320,3,0,3,3 user reviews
451020,1973,315,2288,Very Positive
1966130,54,12,66,Very Positive
474810,3,3,6,6 user reviews
1396190,3,3,6,6 user reviews
751060,30,11,41,Mostly Positive
1197440,1,3,4,4 user reviews
23854,0,0,0,No user reviews
333510,19,4,23,Positive
1094520,1409,379,1788,Mostly Positive
425220,593,157,750,Mostly Positive
2192770,0,0,0,No user reviews
33570,287,76,363,Mostly Positive
814610,15,6,21,Mostly Positive
2094550,8,3,11,Mostly Positive
1418360,39,15,54,Mostly Positive
270790,89,22,111,Very Positive
340990,32,20,52,Mixed
1205240,119,15,134,Very Positive
341030,69,51,120,Mixed
921950,154,122,276,Mixed
314030,218,35,253,Very Positive
774241,861,560,1421,Mixed
1321440,3256,80,3336,Overwhelmingly Positive
2192770,0,0,0,No user reviews
1205240,119,15,134,Very Positive
1269710,311,64,375,Very Positive
21763,0,0,0,No user reviews
436080,63,10,73,Very Positive
1751590,29,4,33,Positive
345800,76,8,84,Very Positive
1449920,13,5,18,Mostly Positive
674090,378,147,525,Mostly Positive
572410,1858,671,2529,Mostly Positive
22490,1469,305,1774,Very Positive
357760,91,105,196,Mixed
1046500,0,0,0,No user reviews
333950,1995,1925,3920,Mixed
1286380,8,1,9,9 user reviews
466130,246,51,297,Very Positive
760070,98,40,138,Mostly Positive
929106,72,26,98,Mostly Positive
70615,3,1,4,4 user reviews
2160480,206,73,279,Mostly Positive
1708550,1,0,1,1 user reviews
626630,8,9,17,Mixed
9691,0,0,0,No user reviews
457570,124,18,142,Very Positive
1756190,30,4,34,Positive
349310,94,8,102,Very Positive
2192770,0,0,0,No user reviews
1205240,119,15,134,Very Positive
1127840,805,126,931,Very Positive
613470,125,15,140,Very Positive
35978,0,0,0,No user reviews
545200,10,8,18,Mixed
680380,130,40,170,Mostly Positive
1525410,16,2,18,Positive
1651570,1,1,2,2 user reviews
57690,4274,409,4683,Very Positive
1159420,0,0,0,No user reviews
1323540,38,2,40,Positive
1101590,0,0,0,No user reviews
1205240,119,15,134,Very Positive
1058330,6,4,10,Mixed
506970,1032,636,1668,Mixed
2409480,22,1,23,Positive
414370,20,1,21,Positive
1968890,4,1,5,5 user reviews
2677430,7,1,8,8 user reviews
698250,7,0,7,7 user reviews
1254620,38,9,47,Positive
530930,17,17,34,Mixed
570710,22,46,68,Mostly Negative
1146310,521,74,595,Very Positive
39640,56,23,79,Mostly Positive
270090,48,73,121,Mostly Negative
1286830,246,40,286,Very Positive
952892,24,5,29,Positive
57650,176,247,423,Mixed
1487300,0,0,0,No user reviews
878467,89,13,102,Very Positive
1399840,71,52,123,Mixed
2373510,0,0,0,No user reviews
983350,229,57,286,Very Positive
1346010,98,36,134,Mostly Positive
1670560,2,0,2,2 user reviews
501080,836,236,1072,Mostly Positive
602430,72,12,84,Very Positive
1259140,31,1,32,Positive
6800,927,105,1032,Very Positive
293600,5,7,12,Mixed
736220,7889,1785,9674,Very Positive
781270,2,0,2,2 user reviews
1126750,67,10,77,Very Positive
341070,10,5,15,Mixed
18040,359,23,382,Very Positive
1004919,4,5,9,9 user reviews
357030,2,7,9,9 user reviews
313120,16146,5417,21563,Mostly Positive
951750,150,27,177,Very Positive
1276760,1092,823,1915,Mixed
870780,15183,1680,16863,Very Positive
57680,165,73,238,Mixed
741510,432,155,587,Mostly Positive
1374990,18,11,29,Mixed
1303312,2,5,7,7 user reviews
342990,25,40,65,Mostly Negative
237850,1471,355,1826,Very Positive
1426880,12,12,24,Mixed
207610,19460,642,20102,Overwhelmingly Positive
1530503,0,0,0,No user reviews
1075040,17,4,21,Positive
366240,430,16,446,Very Positive
811270,64,12,76,Very Positive
1110050,258,42,300,Very Positive
2170090,0,0,0,No user reviews
1698220,72,12,84,Very Positive
403970,299,122,421,Mostly Positive
1232010,31,0,31,Positive
593030,127,16,143,Very Positive
1134520,227,59,286,Mostly Positive
15008,0,0,0,No user reviews
1223910,23,31,54,Mixed
1493750,336,165,501,Mixed
1384160,20957,1523,22480,Very Positive
2161560,11,7,18,Mixed
1064840,31,12,43,Mostly Positive
245050,38,52,90,Mixed
1114550,47,14,61,Mostly Positive
306395,6,6,12,Mixed
2411980,0,0,0,No user reviews
1255990,27,16,43,Mixed
2278,0,0,0,No user reviews
707060,5,14,19,Mostly Negative
417430,41,32,73,Mixed
768340,3,0,3,3 user reviews
2407740,1,0,1,1 user reviews
1109720,3,2,5,5 user reviews
913750,6,3,9,9 user reviews
347330,3,2,5,5 user reviews
638160,103,48,151,Mixed
1040930,34,13,47,Mostly Positive
29759,0,0,0,No user reviews
888872,66,17,83,Mostly Positive
1137350,286,44,330,Very Positive
1131060,1,0,1,1 user reviews
293940,20,20,40,Mixed
31648,0,0,0,No user reviews
1197650,126,2,128,Very Positive
2172900,34,0,34,Positive
334420,355,191,546,Mixed
999660,68,16,84,Very Positive
909820,169,21,190,Very Positive
1545850,8,1,9,9 user reviews
345800,76,8,84,Very Positive
1063350,6,1,7,7 user reviews
338160,183,63,246,Mostly Positive
2611260,0,2,2,2 user reviews
770630,9,0,9,9 user reviews
1119700,298,154,452,Mixed
826040,9,2,11,Positive
12320,786,224,1010,Mostly Positive
537450,249,176,425,Mixed
1205240,119,15,134,Very Positive
1210550,34,6,40,Positive
259600,174,40,214,Very Positive
623090,148,35,183,Very Positive
571720,89,35,124,Mostly Positive
207490,1733,115,1848,Very Positive
526060,93,7,100,Very Positive
1607040,17,6,23,Mostly Positive
1065490,19,5,24,Mostly Positive
305620,29989,3352,33341,Very Positive
1975440,147,39,186,Mostly Positive
1919990,1,0,1,1 user reviews
1056760,497,92,589,Very Positive
717310,155,47,202,Mostly Positive
1966880,86,12,98,Very Positive
949900,0,0,0,No user reviews
1209460,380,116,496,Mostly Positive
2407200,6,0,6,6 user reviews
728530,1582,151,1733,Very Positive
359220,254,101,355,Mostly Positive
645820,26,12,38,Mixed
39630,86,38,124,Mixed
431710,184,20,204,Very Positive
621830,604,244,848,Mostly Positive
33172,0,0,0,No user reviews
1502190,211,61,272,Mostly Positive
1967791,3,0,3,3 user reviews
281990,55255,6691,61946,Very Positive
1700870,997,86,1083,Very Positive
285130,37,24,61,Mixed
909720,45,19,64,Mostly Positive
433840,6,11,17,Mostly Negative
1038620,29,20,49,Mixed
804860,13,7,20,Mixed
1521130,21,13,34,Mixed
1205240,119,15,134,Very Positive
22086,0,0,0,No user reviews
571810,4,1,5,5 user reviews
256330,262,130,392,Mixed
516440,4,1,5,5 user reviews
140688,0,0,0,No user reviews
690140,107,54,161,Mixed
1602660,21,7,28,Mostly Positive
22085,0,0,0,No user reviews
1256710,2,6,8,8 user reviews
366260,144,27,171,Very Positive
465870,17,11,28,Mixed
294100,87312,1636,88948,Overwhelmingly Positive
206610,18,48,66,Mostly Negative
2228390,7,5,12,Mixed
2467361,0,0,0,No user reviews
1109480,1,0,1,1 user reviews
929106,72,26,98,Mostly Positive
1318970,82,5,87,Very Positive
310060,875,154,1029,Very Positive
94590,307,48,355,Very Positive
1196420,32,1,33,Positive
2148904,6,4,10,Mixed
351710,1286,120,1406,Very Positive
1205240,119,15,134,Very Positive
824460,28,1,29,Positive
549240,67,31,98,Mixed
1843010,1,0,1,1 user reviews
520440,3750,170,3920,Overwhelmingly Positive
1023970,40,14,54,Mostly Positive
1498210,27,4,31,Positive
1608550,38,14,52,Mostly Positive
691590,8,8,16,Mixed
757320,1763,120,1883,Very Positive
813390,12,1,13,Positive
1178400,90,32,122,Mostly Positive
6810,256,42,298,Very Positive
2362300,299,124,423,Mostly Positive
2199370,9,10,19,Mixed
1882110,8,0,8,8 user reviews
235380,684,723,1407,Mixed
1564700,5,9,14,Mostly Negative
865820,176,20,196,Very Positive
353940,14,6,20,Mostly Positive
31170,345,45,390,Very Positive
304540,13,7,20,Mixed
9709,0,0,0,No user reviews
570940,28061,3124,31185,Very Positive
575310,8,8,16,Mixed
1443660,2,0,2,2 user reviews
2192770,0,0,0,No user reviews
986130,4870,364,5234,Very Positive
9520,0,0,0,No user reviews
399600,29,3,32,Positive
501500,6,1,7,7 user reviews
1975590,1,1,2,2 user reviews
715190,65,15,80,Very Positive
1196210,0,0,0,No user reviews
1162208,34,5,39,Positive
13580,252,542,794,Mostly Negative
1303050,4,1,5,5 user reviews
1205240,119,15,134,Very Positive
1122690,51,23,74,Mixed
1057800,139,17,156,Very Positive
1279910,12,21,33,Mostly Negative
32740,33,9,42,Mostly Positive
1144170,0,1,1,1 user reviews
6208,0,0,0,No user reviews
21208,0,0,0,No user reviews
25808,20,0,20,Positive
850980,199,32,231,Very Positive
32730,59,29,88,Mixed
2146190,0,12,12,Negative
462250,2,4,6,6 user reviews
25816,2,0,2,2 user reviews
1222370,2276,931,3207,Mostly Positive
2246550,6,6,12,Mixed
619680,95,4,99,Very Positive
992176,47,9,56,Very Positive
345800,76,8,84,Very Positive
376680,344,72,416,Very Positive
773991,74,99,173,Mixed
925970,1,0,1,1 user reviews
838110,41,7,48,Positive
871980,1160,217,1377,Very Positive
1383600,0,0,0,No user reviews
815380,51,10,61,Very Positive
384500,165,56,221,Mostly Positive
40980,715,109,824,Very Positive
363960,8,10,18,Mixed
277270,43,27,70,Mixed
462620,49,4,53,Very Positive
801670,37,20,57,Mixed
302180,53,14,67,Mostly Positive
687900,9,6,15,Mixed
1196470,60,29,89,Mixed
376938,36,14,50,Mostly Positive
346230,0,0,0,No user reviews
18007,0,0,0,No user reviews
1676840,2236,586,2822,Mostly Positive
953580,329,187,516,Mixed
1090164,24,6,30,Positive
1966880,86,12,98,Very Positive
1174290,1,5,6,6 user reviews
1197440,1,3,4,4 user reviews
799751,13,23,36,Mostly Negative
2192770,0,0,0,No user reviews
650750,26,9,35,Mostly Positive
1550270,11,3,14,Mostly Positive
540590,1,2,3,3 user reviews
2195250,4989,4039,9028,Mixed
1112520,19,4,23,Positive
2192770,0,0,0,No user reviews
1358530,31,14,45,Mixed
911680,12,4,16,Mostly Positive
1205240,119,15,134,Very Positive
2192770,0,0,0,No user reviews
2313320,10,3,13,Mostly Positive
25814,2,1,3,3 user reviews
1020470,349,102,451,Mostly Positive
2062120,0,0,0,No user reviews
5177,0,0,0,No user reviews
903850,8,2,10,Positive
397950,7583,524,8107,Very Positive
563130,10,1,11,Positive
6840,159,142,301,Mixed
236690,3535,1021,4556,Mostly Positive
1556790,4007,646,4653,Very Positive
57696,12,3,15,Positive
13560,1341,191,1532,Very Positive
960240,3,0,3,3 user reviews
395260,17,1,18,Positive
735550,3,1,4,4 user reviews
970960,264,92,356,Mostly Positive
716660,21,8,29,Mostly Positive
325520,112,26,138,Very Positive
1966880,86,12,98,Very Positive
262940,675,83,758,Very Positive
306170,2,0,2,2 user reviews
2656490,0,0,0,No user reviews
63940,257,202,459,Mixed
772530,19,5,24,Mostly Positive
602960,19308,1012,20320,Overwhelmingly Positive
564251,2,6,8,8 user reviews
8196,0,0,0,No user reviews
1205240,119,15,134,Very Positive
1530500,0,0,0,No user reviews
21999,0,0,0,No user reviews
1130872,1,0,1,1 user reviews
909970,34,95,129,Mostly Negative
1024480,118,76,194,Mixed
1392840,1592,294,1886,Very Positive
394321,18,28,46,Mostly Negative
647560,24,17,41,Mixed
306391,29,19,48,Mixed
215971,1,3,4,4 user reviews
1648531,53,24,77,Mixed
249190,84,108,192,Mixed
1205240,119,15,134,Very Positive
1205240,119,15,134,Very Positive
1119710,49,12,61,Very Positive
1047180,60,47,107,Mixed
1968891,0,0,0,No user reviews
1021790,628,320,948,Mixed
1392840,1592,294,1886,Very Positive
345990,13,4,17,Mostly Positive
209190,315,42,357,Very Positive
1096900,531,94,625,Very Positive
2158250,59,90,149,Mostly Negative
1356222,4,1,5,5 user reviews
573070,15,6,21,Mostly Positive
1147100,45,39,84,Mixed
9850,48,28,76,Mixed
480640,244,145,389,Mixed
490370,228,38,266,Very Positive
353270,1365,65,1430,Overwhelmingly Positive
235580,661,36,697,Very Positive
1432220,28,18,46,Mixed
2690330,22,0,22,Positive
2192770,0,0,0,No user reviews
1162570,4,6,10,Mixed
1184480,443,38,481,Very Positive
1061880,114,46,160,Mostly Positive
244930,956,586,1542,Mixed
15591,0,0,0,No user reviews
1699950,0,0,0,No user reviews
1078840,8,2,10,Positive
848960,3,2,5,5 user reviews
1235763,5,3,8,8 user reviews
1012381,0,0,0,No user reviews
310490,84,17,101,Very Positive
411320,47,7,54,Very Positive
1078840,8,2,10,Positive
1173900,21,16,37,Mixed
1995890,160,21,181,Very Positive
256390,66,73,139,Mixed
2192770,0,0,0,No user reviews
1548750,117,17,134,Very Positive
1075041,17,1,18,Positive
1061880,114,46,160,Mostly Positive
2477010,38,31,69,Mixed
1356220,29,3,32,Positive
373750,143,12,155,Very Positive
1134010,12,17,29,Mixed
369150,312,59,371,Very Positive
1019450,56,37,93,Mixed
63942,0,0,0,No user reviews
226665,41,114,155,Mostly Negative
704880,18,14,32,Mixed
623140,10,1,11,Positive
1530502,0,0,0,No user reviews
466160,15,1,16,Positive
1048900,17,7,24,Mostly Positive
1072500,207,101,308,Mixed
61700,808,169,977,Very Positive
2192770,0,0,0,No user reviews
573790,40,5,45,Positive
284440,28,11,39,Mostly Positive
375250,112,11,123,Very Positive
1075190,653,271,924,Mostly Positive
1310410,0,0,0,No user reviews
1138660,745,80,825,Very Positive
889902,25,22,47,Mixed
1439620,1,0,1,1 user reviews
2192770,0,0,0,No user reviews
32450,438,93,531,Very Positive
1016960,259,65,324,Mostly Positive
402750,106,53,159,Mixed
790800,0,4,4,4 user reviews
1453900,20,8,28,Mostly Positive
2361660,0,0,0,No user reviews
960920,94,158,252,Mostly Negative
22678,0,0,0,No user reviews
2152880,11,4,15,Mostly Positive
1438150,18,4,22,Positive
20505,0,0,0,No user reviews
1238810,15586,6603,22189,Mostly Positive
526060,93,7,100,Very Positive
2192770,0,0,0,No user reviews
1628253,0,0,0,No user reviews
1479140,211,84,295,Mostly Positive
32720,49,12,61,Very Positive
1065491,17,4,21,Positive
1205480,129,39,168,Mostly Positive
1504980,0,0,0,No user reviews
35341,0,0,0,No user reviews
73010,253,95,348,Mostly Positive
2500470,44,0,44,Positive
1687960,34,4,38,Positive
366650,13,20,33,Mostly Negative
1163550,627,269,896,Mixed
366230,23,7,30,Mostly Positive
1087830,5,0,5,5 user reviews
547501,54,19,73,Mostly Positive
229480,620,96,716,Very Positive
1639040,20,0,20,Positive
1109480,1,0,1,1 user reviews
1891090,67,14,81,Very Positive
914110,53,44,97,Mixed
1028910,1,2,3,3 user reviews
1024160,84,3,87,Very Positive
1167300,15,15,30,Mixed
1218210,1793,244,2037,Very Positive
2192770,0,0,0,No user reviews
714080,232,59,291,Mostly Positive
553210,254,110,364,Mixed
1513940,0,0,0,No user reviews
1238762,3,0,3,3 user reviews
530780,168,107,275,Mixed
1469170,23,18,41,Mixed
746940,117,7,124,Very Positive
1205240,119,15,134,Very Positive
1059340,0,0,0,No user reviews
1647200,15,8,23,Mixed
2192770,0,0,0,No user reviews
2282090,4,0,4,4 user reviews
1034860,480,55,535,Very Positive
1205240,119,15,134,Very Positive
1281330,7,0,7,7 user reviews
1016790,337,107,444,Mostly Positive
1211470,28,12,40,Mostly Positive
1558360,2,2,4,4 user reviews
715380,150,60,210,Mostly Positive
1904160,39,5,44,Positive
2192770,0,0,0,No user reviews
36542,0,0,0,No user reviews
23841,0,0,0,No user reviews
1351261,38,27,65,Mixed
315660,1226,328,1554,Mostly Positive
1205240,119,15,134,Very Positive
1412570,0,0,0,No user reviews
1543760,0,0,0,No user reviews
24010,6927,2695,9622,Mostly Positive
1018020,240,74,314,Mostly Positive
315320,13,24,37,Mostly Negative
1281881,13,4,17,Mostly Positive
827250,10,3,13,Mostly Positive
475180,64,191,255,Mostly Negative
1526010,10,5,15,Mixed
347000,47,22,69,Mixed
1214810,9,2,11,Positive
1542110,58,12,70,Very Positive
486571,14,5,19,Mostly Positive
1085510,5929,641,6570,Very Positive
1341520,157,91,248,Mixed
354330,97,36,133,Mostly Positive
1066700,3,0,3,3 user reviews
227020,89,57,146,Mixed
991170,1091,189,1280,Very Positive
331600,1932,552,2484,Mostly Positive
1035050,86,15,101,Very Positive
322970,28,30,58,Mixed
215370,4,1,5,5 user reviews
1205240,119,15,134,Very Positive
661990,105,15,120,Very Positive
1334000,313,51,364,Very Positive
205630,35,8,43,Positive
1386730,87,13,100,Very Positive
370270,14,5,19,Mostly Positive
34870,2385,1101,3486,Mixed
216910,523,199,722,Mostly Positive
1932160,147,37,184,Mostly Positive
1286830,246,40,286,Very Positive
1205240,119,15,134,Very Positive
898750,1215,51,1266,Overwhelmingly Positive
42850,150,27,177,Very Positive
205638,7,4,11,Mixed
222615,0,0,0,No user reviews
1347970,799,35,834,Overwhelmingly Positive
1205240,119,15,134,Very Positive
508980,324,50,374,Very Positive
498240,5142,974,6116,Very Positive
415610,50,19,69,Mostly Positive
25811,2,1,3,3 user reviews
15941,0,0,0,No user reviews
590370,17,5,22,Mostly Positive
40950,2449,137,2586,Very Positive
354160,99,70,169,Mixed
640140,83,49,132,Mixed
1611600,3290,656,3946,Very Positive
277736,8,1,9,9 user reviews
780340,37,4,41,Positive
1303140,4,0,4,4 user reviews
1205240,119,15,134,Very Positive
398850,1924,80,2004,Overwhelmingly Positive
746820,3,4,7,7 user reviews
27561,0,0,0,No user reviews
310470,343,433,776,Mixed
25815,1,1,2,2 user reviews
1100410,190,163,353,Mixed
364370,11,10,21,Mixed
658850,1578,141,1719,Very Positive
108600,82193,5227,87420,Very Positive
1003890,1093,253,1346,Very Positive
536560,91,10,101,Very Positive
277758,3,1,4,4 user reviews
1522080,81,14,95,Very Positive
73057,8,0,8,8 user reviews
388420,62,10,72,Very Positive
658700,76,38,114,Mixed
294100,87312,1636,88948,Overwhelmingly Positive
909720,45,19,64,Mostly Positive
1574580,5621,252,5873,Overwhelmingly Positive
859530,0,0,0,No user reviews
27477,0,0,0,No user reviews
373370,105,150,255,Mixed
976570,10,13,23,Mixed
925460,139,4,143,Very Positive
1205240,119,15,134,Very Positive
251130,1259,105,1364,Very Positive
363930,1522,344,1866,Very Positive
23400,119,26,145,Very Positive
324070,47,10,57,Very Positive
553850,0,0,0,No user reviews
299480,85,54,139,Mixed
827610,17,5,22,Mostly Positive
12261,0,0,0,No user reviews
420000,695,228,923,Mostly Positive
204860,84,43,127,Mixed
1264340,22,10,32,Mixed
1096570,701,185,886,Mostly Positive
833040,956,63,1019,Very Positive
2028055,0,0,0,No user reviews
1065370,0,0,0,No user reviews
1531540,1130,521,1651,Mixed
241371,8,8,16,Mixed
73210,133,83,216,Mixed
2377000,289,8,297,Very Positive
1883600,0,0,0,No user reviews
606950,9,5,14,Mixed
1518150,1,2,3,3 user reviews
57620,104,105,209,Mixed
1050370,60,10,70,Very Positive
489610,157,24,181,Very Positive
1569970,7,1,8,8 user reviews
1137800,30,7,37,Positive
1476080,4,0,4,4 user reviews
32760,144,14,158,Very Positive
1051950,41,6,47,Positive
9710,30,42,72,Mixed
32640,124,14,138,Very Positive
1276760,1092,823,1915,Mixed
73183,4,1,5,5 user reviews
1054990,9,5,14,Mixed
2144730,3,0,3,3 user reviews
306398,14,6,20,Mostly Positive
911930,94,93,187,Mixed
656,0,0,0,No user reviews
1341280,0,0,0,No user reviews
962700,28,12,40,Mostly Positive
1392840,1592,294,1886,Very Positive
945710,521,157,678,Mostly Positive
744040,7,3,10,Mostly Positive
1015940,123,2,125,Very Positive
494360,82,13,95,Very Positive
205634,13,1,14,Positive
1755910,45,19,64,Mostly Positive
1089670,5,0,5,5 user reviews
279620,45,45,90,Mixed
222730,1815,503,2318,Mostly Positive
200440,23,16,39,Mixed
571310,1943,92,2035,Overwhelmingly Positive
1770080,267,173,440,Mixed
540870,14,6,20,Mostly Positive
412490,4,2,6,6 user reviews
721341,8,10,18,Mixed
966540,1,2,3,3 user reviews
232090,33490,4603,38093,Very Positive
2666340,10,10,20,Mixed
513710,24129,7890,32019,Mostly Positive
10270,167,131,298,Mixed
1115780,163,44,207,Mostly Positive
1286830,246,40,286,Very Positive
990050,318,87,405,Mostly Positive
46490,83,115,198,Mixed
1726520,76,33,109,Mixed
1069460,7,4,11,Mixed
1356240,55,66,121,Mixed
2330180,3,1,4,4 user reviews
255280,323,135,458,Mostly Positive
25057,0,0,0,No user reviews
398530,5,4,9,9 user reviews
1937510,2,1,3,3 user reviews
1354960,65,7,72,Very Positive
6481,0,0,0,No user reviews
24410,11,9,20,Mixed
446870,3,8,11,Mostly Negative
3479,0,0,0,No user reviews
2192770,0,0,0,No user reviews
2192770,0,0,0,No user reviews
931720,0,0,0,No user reviews
2393020,14,6,20,Mostly Positive
372360,2108,384,2492,Very Positive
306397,10,14,24,Mixed
1205240,119,15,134,Very Positive
1112240,22,12,34,Mixed
919640,2880,735,3615,Mostly Positive
366650,13,20,33,Mostly Negative
504460,7,1,8,8 user reviews
48720,2495,548,3043,Very Positive
1397790,360,16,376,Very Positive
272510,1434,382,1816,Mostly Positive
256070,49,11,60,Very Positive
221830,147,33,180,Very Positive
1161421,23,9,32,Mostly Positive
1392840,1592,294,1886,Very Positive
215372,2,0,2,2 user reviews
306394,9,7,16,Mixed
1409830,0,0,0,No user reviews
1582990,4,1,5,5 user reviews
1205240,119,15,134,Very Positive
833270,16,1,17,Positive
952891,41,7,48,Positive
798510,543,95,638,Very Positive
1286830,246,40,286,Very Positive
957720,225,37,262,Very Positive
363950,58,35,93,Mixed
703180,57,12,69,Very Positive
33633,0,0,0,No user reviews
1315350,9,1,10,Positive
555000,265,29,294,Very Positive
978951,20,3,23,Positive
1790540,0,0,0,No user reviews
543900,1362,746,2108,Mixed
1522080,81,14,95,Very Positive
1229880,38,11,49,Mostly Positive
336030,11,6,17,Mixed
283530,1,6,7,7 user reviews
39520,110,71,181,Mixed
1205240,119,15,134,Very Positive
433750,19,16,35,Mixed
1049440,33,11,44,Mostly Positive
1113410,970,953,1923,Mixed
1205240,119,15,134,Very Positive
622770,75,50,125,Mixed
232090,33490,4603,38093,Very Positive
919410,55,18,73,Mostly Positive
1011390,369,70,439,Very Positive
475150,6211,640,6851,Very Positive
1872550,13,21,34,Mostly Negative
438080,108,29,137,Mostly Positive
382410,7,9,16,Mixed
1115580,29,0,29,Positive
1205240,119,15,134,Very Positive
1388580,34,14,48,Mostly Positive
887570,1716,155,1871,Very Positive
1778820,0,0,0,No user reviews
32680,188,25,213,Very Positive
714080,232,59,291,Mostly Positive
553520,925,228,1153,Very Positive
1877370,8,6,14,Mixed
277460,180,46,226,Mostly Positive
1115750,0,0,0,No user reviews
1205240,119,15,134,Very Positive
436121,12,23,35,Mostly Negative
1455450,39,7,46,Positive
1176470,2730,575,3305,Very Positive
1227700,1141,220,1361,Very Positive
331160,554,84,638,Very Positive
65730,148,97,245,Mixed
1708320,5,0,5,5 user reviews
1153600,1,0,1,1 user reviews
1334780,8,6,14,Mixed
271760,276,78,354,Mostly Positive
205637,10,2,12,Positive
2192770,0,0,0,No user reviews
611370,16,1,17,Positive
1543420,31,3,34,Positive
234880,4,0,4,4 user reviews
666140,10425,828,11253,Very Positive
1202970,50,12,62,Very Positive
623920,17,21,38,Mixed
1096930,149,14,163,Very Positive
1523630,0,0,0,No user reviews
1696300,0,1,1,1 user reviews
528950,4,3,7,7 user reviews
330020,5411,612,6023,Very Positive
1137801,32,11,43,Mostly Positive
227760,123,64,187,Mixed
1265720,3,8,11,Mostly Negative
690180,37,1,38,Positive
1488200,5449,273,5722,Overwhelmingly Positive
306171,1,0,1,1 user reviews
1205240,119,15,134,Very Positive
384310,110,40,150,Mostly Positive
277630,53,12,65,Very Positive
1336490,8906,336,9242,Overwhelmingly Positive
1804440,0,2,2,2 user reviews
1247290,64,23,87,Mostly Positive
21800,417,106,523,Mostly Positive
25800,768,111,879,Very Positive
222940,1505,160,1665,Very Positive
2192770,0,0,0,No user reviews
1599030,1,0,1,1 user reviews
277650,42,12,54,Mostly Positive
299950,340,97,437,Mostly Positive
2691560,0,0,0,No user reviews
545070,1,1,2,2 user reviews
447120,439,133,572,Mostly Positive
1417890,32,0,32,Positive
258671,3,1,4,4 user reviews
619680,95,4,99,Very Positive
650510,336,127,463,Mostly Positive
373150,35,16,51,Mixed
1836450,0,0,0,No user reviews
262210,50,7,57,Very Positive
300380,4052,749,4801,Very Positive
1040190,5,0,5,5 user reviews
1781510,45,66,111,Mixed
1058450,1242,164,1406,Very Positive
1635590,125,22,147,Very Positive
1244781,42,70,112,Mostly Negative
33955,0,0,0,No user reviews
322540,14,23,37,Mostly Negative
248710,44,181,225,Very Negative
1773560,10,3,13,Mostly Positive
1252710,93,51,144,Mixed
996970,0,0,0,No user reviews
13540,525,136,661,Mostly Positive
617960,7,8,15,Mixed
975370,17970,850,18820,Overwhelmingly Positive
824270,16720,1179,17899,Very Positive
1413580,19,7,26,Mostly Positive
1649880,125,17,142,Very Positive
636502,8,1,9,9 user reviews
555120,11,0,11,Positive
1025600,1503,229,1732,Very Positive
279560,12,9,21,Mixed
610370,3256,125,3381,Overwhelmingly Positive
2192770,0,0,0,No user reviews
1205240,119,15,134,Very Positive
270770,19,37,56,Mostly Negative
1312060,56,1,57,Very Positive
603460,3,1,4,4 user reviews
22100,1736,161,1897,Very Positive
65610,82,99,181,Mixed
840390,110,105,215,Mixed
1205240,119,15,134,Very Positive
1304930,16209,857,17066,Very Positive
1072480,188,109,297,Mixed
1205240,119,15,134,Very Positive
2292260,0,0,0,No user reviews
332250,56,28,84,Mixed
1668110,30,13,43,Mixed
614580,156,45,201,Mostly Positive
860233,0,0,0,No user reviews
18277,0,0,0,No user reviews
1205240,119,15,134,Very Positive
758730,101,16,117,Very Positive
792570,0,0,0,No user reviews
1969380,48,39,87,Mixed
1579991,70,36,106,Mixed
1606210,31,1,32,Positive
458510,8,5,13,Mixed
958370,185,18,203,Very Positive
527010,2,0,2,2 user reviews
347830,1111,132,1243,Very Positive
206712,2,2,4,4 user reviews
1059820,46,65,111,Mixed
1492360,177,65,242,Mostly Positive
222221,3,1,4,4 user reviews
396900,1658,230,1888,Very Positive
333490,3,1,4,4 user reviews
2705130,0,0,0,No user reviews
729640,9,0,9,9 user reviews
1330520,0,1,1,1 user reviews
552500,33841,3895,37736,Very Positive
231330,389,134,523,Mostly Positive
234390,659,78,737,Very Positive
580720,528,72,600,Very Positive
2199620,1,0,1,1 user reviews
1378020,90,14,104,Very Positive
1129580,11645,1333,12978,Very Positive
774761,0,1,1,1 user reviews
226840,3582,775,4357,Very Positive
1137802,33,6,39,Positive
266330,14,17,31,Mixed
1466820,1,2,3,3 user reviews
1094310,10,0,10,Positive
1479630,21,3,24,Positive
91106,2,0,2,2 user reviews
1189730,3,3,6,6 user reviews
1388860,17,6,23,Mostly Positive
1295500,1856,217,2073,Very Positive
